0 1.000601322910403
1 1.1070941370215144
2 1.0847149804687035
3 1.1180339188135435
4 1.0719097148553494
5 1.0030268457448208
6 1.0069107469243443
7 1.0831614876830862
8 1.1493905583007553
9 1.000601322910403
10 1.1285311644373353
11 1.0535897560556011
12 1.0027126089346654
13 1.0266494516660438
14 1.118698982712843
15 1.0756745400430154
16 1.0039200222247127
17 1.1640993990231157
18 1.0032560979627805
19 1.000601322910403
20 1.0921206937972694
21 1.161333136102846
22 1.1212849660855932
23 1.1872519462655184
24 1.1753486636124146
25 1.1500495401866153
26 1.0489123643636822
27 1.1717278387299377
28 1.1809076721609453
29 1.000601322910403
30 1.0530215995734236
31 1.000601322910403
32 1.1415052218336277
33 1.0766170609096026
34 1.0819996752981034
35 1.1945805720573879
36 1.00155366185476
37 1.1818204000857833
38 1.0320191678260513
39 1.0310225137220153
40 1.0133364775021825
41 1.157921330979532
42 1.051492854399153
43 1.1597721781021813
44 1.0540935765247803
45 1.0583455510962876
46 1.073806716358826
47 1.1003950199425594
48 1.0655735742345342
49 1.0536480513961508
50 1.1788864853028818
51 1.0763104485801431
52 1.0028919392133067
53 1.0832921386059933
54 1.1545888364861934
55 1.0230401828679947
56 1.0363093114874875
57 1.0071812608111423
58 1.0529134042432953
59 1.0404177825750571
60 1.0054510888042973
61 1.0760131804971087
62 1.1615437728676892
63 1.1071448932359653
64 1.1460533069935086
65 1.0997522416921535
66 1.0275789354122087
67 1.0012954797261298
68 1.151973399929156
69 1.065616997250726
70 1.0462143342148644
71 1.1598301342816644
72 1.1237801509089216
73 1.000832064402485
74 1.1881781628019261
75 1.00184802217131
76 1.001974683441316
77 1.1299268527177408
78 1.0417802711369024
79 1.0008259510450208
80 1.0150398196674255
81 1.0079182349846598
82 1.0168789675902723
83 1.000601322910403
84 1.0015100782492012
85 1.0008302337238721
86 1.120954925447674
87 1.161307555523757
88 1.0465623376138282
89 1.0672143778876633
90 1.161860887437614
91 1.0583875050824294
92 1.0867777998445467
93 1.1551616901125203
94 1.0726559668627431
95 1.1618045987419223
96 1.0322226824759684
97 1.000601322910403
98 1.0498826547817044
99 1.0093653367018822
100 1.0408472997695362
101 1.172922788868531
102 1.0726858572979576
103 1.1048755043489733
104 1.0012993969155022
105 1.0069742193964542
106 1.0627746562972016
107 1.0539119883843504
108 1.048328105904293
109 1.0419160005381736
110 1.0489426947996654
111 1.0541556468458708
112 1.0280474049798494
113 1.1059761309590375
114 1.105401790292792
115 1.040851474963915
116 1.048002778231918
117 1.0824852469565542
118 1.0414887799698123
119 1.05253002837421
120 1.000601322910403
121 1.0485480649060364
122 1.0427365418252537
123 1.0781019993627219
124 1.0976346081691946
125 1.0066045850504226
126 1.1548560267098356
127 1.0494291646519815
128 1.029663460050079
129 1.104389794405557
130 1.004232393375269
131 1.0461141407672117
132 1.0849490427991468
133 1.0015948318533212
134 1.0596279057093496
135 1.0758011275260453
136 1.1137881692894378
137 1.0747569369202576
138 1.0152679609710205
139 1.136194115648939
140 1.0436913806101191
141 1.04253533195635
142 1.1491484086374768
143 1.0225685681966998
144 1.0987754576313578
145 1.0509712308760875
146 1.1653299402791764
147 1.0903379540098666
148 1.047015986248616
149 1.033675899814262
150 1.137240668283278
151 1.0297938260483177
152 1.0517406326183978
153 1.1655059299979296
154 1.0654836904077596
155 1.0484099242897602
156 1.0010548859564492
157 1.1650161617709445
158 1.0967386888628952
159 1.000601322910403
160 1.1425991709719299
161 1.0493865616595268
162 1.0300027416188595
163 1.014856820617138
164 1.0396920163693881
165 1.1496874330147326
166 1.1004955286205664
167 1.001614957037037
168 1.1603074839447847
169 1.1422176994642996
170 1.084880324945731
171 1.16255689943946
172 1.0868993777246339
173 1.0377517383854897
174 1.1676677655391938
175 1.123992734267558
176 1.1510216260227186
177 1.149565758676215
178 1.1763700780231514
179 1.001077795718165
180 1.1765742062953122
181 1.0022734362383054
182 1.0378836060508208
183 1.161123372639756
184 1.0506540342059485
185 1.1345345899471746
186 1.134416546288873
187 1.0425227238486268
188 1.0043217911599587
189 1.140274403626263
190 1.0480447540965243
191 1.000601322910403
192 1.1510928558532547
193 1.1393640865034582
194 1.0477097048011428
195 1.1808084761200925
196 1.0846666613581237
197 1.0508557339949272
198 1.1295325345475784
199 1.1088675675675321
200 1.0200424655307896
201 1.000601322910403
202 1.157790185819469
203 1.0720431833364688
204 1.139886805486927
205 1.0029317753170202
206 1.1253421689776106
207 1.0028077574717629
208 1.1810499672855856
209 1.0122072592761757
210 1.096696362950284
211 1.0142153092155781
212 1.007186441102269
213 1.1281242829121378
214 1.0075442726809647
215 1.1543784539494173
216 1.007926337379402
217 1.184786035819769
218 1.105586390543192
219 1.1187553787073534
220 1.0010917780489277
221 1.000601322910403
222 1.0978140398832064
223 1.0512677363556022
224 1.1533388243018678
225 1.0460053349681646
226 1.0384710476977825
227 1.108290460700902
228 1.1838900791885045
229 1.185357535659454
230 1.0982996805909542
231 1.0804191500070484
232 1.025353243215861
233 1.001283452305474
234 1.1763148377621995
235 1.1022332669827457
236 1.0107538751614915
237 1.000601322910403
238 1.015077664282917
239 1.0035595009840625
240 1.0300599085736377
241 1.052190168257837
242 1.0312910691063828
243 1.0362122219995404
244 1.0479994556352792
245 1.1169347761573172
246 1.053343657665341
247 1.0775173334253907
248 1.0543341028492752
249 1.0039943452444942
250 1.0078504622233082
251 1.0441809312474983
252 1.000601322910403
253 1.072206302161676
254 1.0867129668914126
255 1.1264528292641522
256 1.0117739957328118
257 1.1719367756042536
258 1.1090887202210722
259 1.1226595551687655
260 1.0763399420337072
261 1.0594287295070042
262 1.0566845193016607
263 1.012913940469896
264 1.0759995583193667
265 1.0445328164027006
266 1.0101099677730805
267 1.166278488888304
268 1.0461302921320612
269 1.072722947040574
270 1.0780598580804965
271 1.0644802608257877
272 1.1242995384151206
273 1.154021763322102
274 1.058316270814829
275 1.1500296925689948
276 1.1696587281756223
277 1.0010502326394046
278 1.0040829245610698
279 1.0637941782541267
280 1.000601322910403
281 1.1136325228738166
282 1.0999002145534589
283 1.1841358553687482
284 1.0323801877252559
285 1.0381537825875982
286 1.0154557564046947
287 1.1607466705881502
288 1.1120198247767266
289 1.0367792689418256
290 1.1441217891048492
291 1.070940523273884
292 1.1958712279942874
293 1.0381768573519932
294 1.0749043797286577
295 1.0524668173476197
296 1.0460304979635258
297 1.1198673061217777
298 1.0135514057416135
299 1.0026279413206332
300 1.1494884386504005
301 1.12663772726901
302 1.04496030819929
303 1.1215118046952774
304 1.16684869884298
305 1.0451347920230494
306 1.052806841515322
307 1.1086985501075677
308 1.1486864837932271
309 1.0484408826416518
310 1.0470853650821235
311 1.1260099635034422
312 1.0153175804272276
313 1.0456240525364926
314 1.157700243396743
315 1.0067431146488854
316 1.0765744253011982
317 1.0078637892303273
318 1.00314477117248
319 1.1278012554775811
320 1.0155073752335728
321 1.0930634836984519
322 1.0526737099539993
323 1.1262603629589112
324 1.052168631876787
325 1.046513202085636
326 1.2066383697930072
327 1.0880247953985624
328 1.0636612086412887
329 1.1332395849645673
330 1.0228285757718527
331 1.0162315439960083
332 1.0599257969898266
333 1.1897420710231024
334 1.1217392299028381
335 1.000601322910403
336 1.002037959866984
337 1.057887565939217
338 1.0505648833760723
339 1.0293047272562867
340 1.09537157780974
341 1.0015576465987075
342 1.1162787036307384
343 1.043069472514545
344 1.001631195729787
345 1.10750989961753
346 1.0464919604936633
347 1.0555054037599338
348 1.1064494380071397
349 1.1393660678293545
350 1.003067899707306
351 1.0158054215915597
352 1.097091253976595
353 1.057387600048243
354 1.0730712643426872
355 1.0133907876501151
356 1.1135473051997649
357 1.0371521841614237
358 1.125527893060877
359 1.126513803090284
360 1.0628381046750548
361 1.0128029204610802
362 1.0020303541636881
363 1.1491655497855264
364 1.0109188393501178
365 1.1285313744953738
366 1.001557853471353
367 1.0134490945395398
368 1.0349836665382566
369 1.0309108747909717
370 1.064705867244369
371 1.1035073603603185
372 1.0240092798210723
373 1.002970386631933
374 1.0015280828697095
375 1.1152634655246028
376 1.003049887177906
377 1.136644846062127
378 1.0050800456303504
379 1.0008659609352542
380 1.002433878635243
381 1.0493701314679695
382 1.0579524549240074
383 1.0026164866823315
384 1.0703976108283466
385 1.0355803871050997
386 1.0359429627639871
387 1.0450056774669705
388 1.0087840963419121
389 1.1328422892524317
390 1.000601322910403
391 1.04690117754773
392 1.0744469684822697
393 1.0290058866770748
394 1.0584205226635712
395 1.0919713249584095
396 1.0593515996272471
397 1.0075028201323628
398 1.1161629292219284
399 1.0194871227197289
400 1.0948262920481941
401 1.0117257977439127
402 1.1462756737355255
403 1.1215050143299439
404 1.1326216800585198
405 1.0719125049807108
406 1.0056841863253891
407 1.0608457166539698
408 1.169275667265921
409 1.064129570051913
410 1.1527997787889797
411 1.0452567011163423
412 1.064033507838182
413 1.000601322910403
414 1.0064226673944066
415 1.1339182370750442
416 1.190885053214941
417 1.1531715229095667
418 1.1523816367139468
419 1.0505481318209111
420 1.0752939909865722
421 1.000601322910403
422 1.0378018387575618
423 1.0757696584687597
424 1.131996940976579
425 1.112065728975877
426 1.097645511889384
427 1.1531040377779305
428 1.1534396285782689
429 1.0035333616306366
430 1.0183628777275258
431 1.0185407328586251
432 1.0917992183103273
433 1.0018316105394065
434 1.0112848312273512
435 1.0604857484931345
436 1.1731306087087028
437 1.2027452669249326
438 1.1240055806100535
439 1.070506176116716
440 1.033233878870897
441 1.1839846119343354
442 1.059692749980711
443 1.0435407677535398
444 1.0127679837516301
445 1.1486471484512235
446 1.0351400677163205
447 1.0008302337238721
448 1.0010642159903977
449 1.1769601685684843
450 1.0820340007860765
451 1.0557045013571587
452 1.061108546902164
453 1.0423548731764887
454 1.000601322910403
455 1.0446020205901814
456 1.0023227576027534
457 1.0632473778105755
458 1.0038031122775808
459 1.0011408408731461
460 1.0008243579712892
461 1.0954598391027293
462 1.0164819490718415
463 1.167997989753805
464 1.1151584090891762
465 1.0604656567862134
466 1.1254138002208758
467 1.0514594497499667
468 1.0026422745038
469 1.1676374395964528
470 1.0017878076248667
471 1.1269965320400561
472 1.018800506056074
473 1.0920259272248611
474 1.1789021942418152
475 1.125813137059146
476 1.005069706709419
477 1.028624034256751
478 1.004946380691469
479 1.0142241810341266
480 1.1003032398366643
481 1.177404128350406
482 1.0854001184469468
483 1.0285239171793361
484 1.1318072587130008
485 1.000601322910403
486 1.0654576833294276
487 1.0087999316660432
488 1.1530405586946753
489 1.0567588111869588
490 1.053288381450579
491 1.1209693655495168
492 1.1589872620165529
493 1.0500652602586766
494 1.0044291113995942
495 1.0015392889280605
496 1.1408253604869993
497 1.0087831398037475
498 1.173003423545555
499 1.0380869935346917
500 1.1575868143664494
501 1.000601322910403
502 1.1768625054640642
503 1.028751976316342
504 1.1744095358462787
505 1.0940354663259253
506 1.0877761682101326
507 1.058726162233315
508 1.0657388624375992
509 1.0477221831601644
510 1.1134900876569738
511 1.0035673625284516
512 1.0582784311996354
513 1.1274339563278573
514 1.0662095137093066
515 1.0965814624165868
516 1.000601322910403
517 1.0318455630020438
518 1.1916794630151881
519 1.0037245057253772
520 1.00495867895666
521 1.1305646300235108
522 1.1592313528058713
523 1.1837805985548815
524 1.002839773481001
525 1.0094999084099505
526 1.032439832390846
527 1.001344312185339
528 1.0008761283431027
529 1.0563157949542012
530 1.2012047894534323
531 1.0011236527043421
532 1.1378687678583226
533 1.1333201150187198
534 1.1581377686609453
535 1.0488415364103751
536 1.0751185972032207
537 1.098345041250921
538 1.1749891620458768
539 1.0825616611090074
540 1.0734754678870215
541 1.1378193830137624
542 1.0476627334998159
543 1.0520208230427468
544 1.1030667345370024
545 1.156605512291734
546 1.0565765879008928
547 1.0045445461856273
548 1.0715023856982215
549 1.1872112798406467
550 1.125325871204959
551 1.1565108554052188
552 1.00835811784731
553 1.1178941029407912
554 1.1621436398994944
555 1.189797301769494
556 1.1651864563052239
557 1.0280523962801837
558 1.0045863317469885
559 1.1316206855652187
560 1.0385171556106252
561 1.017606733484178
562 1.0102137196743652
563 1.0523370987725233
564 1.132416518846028
565 1.160098302666806
566 1.0692031730073872
567 1.0787950228276064
568 1.069069876309357
569 1.0847214166793695
570 1.0446541155394335
571 1.055828176883187
572 1.1644705224091354
573 1.154203478008674
574 1.0008659609352542
575 1.0523456283630561
576 1.1259836606332236
577 1.01382707274669
578 1.0031122928425893
579 1.1002294818905216
580 1.1653868724076668
581 1.1163437864493164
582 1.0298677551983149
583 1.0075957050907043
584 1.0448784081162523
585 1.000601322910403
586 1.1779571602280168
587 1.117099187278299
588 1.1037834957789896
589 1.1318677677634703
590 1.0200478518043805
591 1.0294103438462774
592 1.0476262807402243
593 1.0729828783119497
594 1.006532530648565
595 1.000601322910403
596 1.0131366825301213
597 1.0796692645398618
598 1.1215679704000994
599 1.0458231327527883
600 1.1219857003900207
601 1.1358102205580558
602 1.0013143812757335
603 1.0512766808369947
604 1.1535254937478405
605 1.0130209515803175
606 1.1203271203584888
607 1.000601322910403
608 1.1727482319026146
609 1.119232122540455
610 1.051721368717765
611 1.0733049630205767
612 1.000601322910403
613 1.1699470608142257
614 1.0316842062616662
615 1.000852951166647
616 1.0018812856814476
617 1.0010772536340482
618 1.0023893955151715
619 1.000601322910403
620 1.0575068174777598
621 1.1400066217274862
622 1.0884759544409714
623 1.0340698488362121
624 1.127568077457562
625 1.0034068593333356
626 1.1695752501052428
627 1.044274551937584
628 1.0868779770351582
629 1.0937387471762425
630 1.0795426226788654
631 1.0235910884413844
632 1.0590231923051947
633 1.1887384325081554
634 1.0213803247984359
635 1.0063712719206537
636 1.0060724456791819
637 1.1231236458429903
638 1.0223391191013669
639 1.000601322910403
640 1.0078392386085697
641 1.09355039333776
642 1.0616755204324992
643 1.0387295331125566
644 1.1259668947543253
645 1.0574763119640067
646 1.0013408115440925
647 1.000601322910403
648 1.2070853966632225
649 1.060108905948919
650 1.0030197921963935
651 1.0837469000414977
652 1.03552539564336
653 1.1393879162093783
654 1.0013972797728024
655 1.0127442105172328
656 1.147322882189988
657 1.000601322910403
658 1.1502984073575577
659 1.1617790320141805
660 1.148213370387418
661 1.074715329188189
662 1.007296812250514
663 1.1910175582522025
664 1.0574932028835835
665 1.0645627497075338
666 1.1462260712076995
667 1.1469908941973797
668 1.000601322910403
669 1.1079821955692213
670 1.1182707552995035
671 1.0465245797746745
672 1.0008242543628096
673 1.0062368979470147
674 1.0770010238636314
675 1.0085501456505994
676 1.1665731205537297
677 1.1716498713729215
678 1.057367004184629
679 1.002734153261073
680 1.0513465752666218
681 1.109410338061147
682 1.1180782513793242
683 1.1866974459746558
684 1.0523728784330042
685 1.1124484078217658
686 1.0580069606536797
687 1.1783783355093207
688 1.1460310127293127
689 1.03735941766075
690 1.1309063793976883
691 1.209005502947822
692 1.0459594896188418
693 1.0358609204781235
694 1.1384516868331662
695 1.125265410991691
696 1.0186345862325261
697 1.0359414561413784
698 1.055245348096255
699 1.0474840352243004
700 1.1843255747476145
701 1.0636939093717759
702 1.2042957911027419
703 1.121187145887129
704 1.0428708903708042
705 1.000601322910403
706 1.062105487751797
707 1.04600293537683
708 1.0146636861416152
709 1.06368504506849
710 1.1212724340825644
711 1.1964152907421446
712 1.004063170319332
713 1.063152772883673
714 1.0018849993315673
715 1.1169400657981423
716 1.1067812917896886
717 1.017711456642089
718 1.0504111242737393
719 1.1763597042697578
720 1.1021775296172702
721 1.1321257992586466
722 1.114403468472579
723 1.052998257989481
724 1.052812189392928
725 1.1266644553397145
726 1.1370818125431852
727 1.1599463842187292
728 1.103408955444015
729 1.1679005892727543
730 1.0569631052047763
731 1.1266693135283405
732 1.0684350386717145
733 1.0600630414229277
734 1.0952365086485265
735 1.120103876023936
736 1.141751083809865
737 1.0046336309106805
738 1.0329616881394978
739 1.0329710887168948
740 1.021831343982489
741 1.0521509892115397
742 1.182648635228773
743 1.0020085222063457
744 1.0016328121260811
745 1.1885445561720662
746 1.0024467593805568
747 1.0339128547737964
748 1.0009201872092053
749 1.0105203095046584
750 1.000601322910403
751 1.0067582878684693
752 1.0196224913252532
753 1.000601322910403
754 1.000826932187406
755 1.0552223563564704
756 1.0045122745305433
757 1.1004910456867805
758 1.015087955609874
759 1.0584392200289023
760 1.0569491766791892
761 1.0137661763124326
762 1.0634875345754422
763 1.1706365629633255
764 1.0121358455200773
765 1.1455563994479077
766 1.0088882946246338
767 1.0008438520010559
768 1.0135654712589581
769 1.1496074326681247
770 1.1388883596818478
771 1.0130805556327023
772 1.0741692233222866
773 1.0033531573266963
774 1.0418795491108837
775 1.0927784568071703
776 1.1147337658452292
777 1.0776774163316583
778 1.0906966956124273
779 1.1792944492269128
780 1.1681945087874044
781 1.055376817891405
782 1.2047681283245009
783 1.0034987898336614
784 1.1101832370958489
785 1.05728664149304
786 1.000601322910403
787 1.1637861748312643
788 1.0486222915683139
789 1.0737346040682498
790 1.2027806882685212
791 1.000601322910403
792 1.1444155916949743
793 1.0906690124220972
794 1.0008883014300947
795 1.0320791119717003
796 1.0038241917222355
797 1.1742111200629493
798 1.0443613253990465
799 1.0601228858400356
800 1.043700333663331
801 1.128702756642471
802 1.000601322910403
803 1.0680078912522553
804 1.1404300521112627
805 1.1838326572831
806 1.1079225494343152
807 1.1092549452896583
808 1.1228444060528608
809 1.173070530571481
810 1.0568170733103985
811 1.1310031760848314
812 1.1329937773023022
813 1.05387604914623
814 1.1559813956569984
815 1.1609524210389115
816 1.0746175607520045
817 1.0426148112140157
818 1.009864054924459
819 1.004417919995005
820 1.000601322910403
821 1.0969920708446435
822 1.1398127644852971
823 1.1976784472525839
824 1.1108733014237817
825 1.1031533114725058
826 1.076461931087352
827 1.1895106024203603
828 1.1802722941619528
829 1.1298646740330007
830 1.061573776552724
831 1.1174324218344118
832 1.0625581510572366
833 1.0964455172720575
834 1.1611029458504425
835 1.0597917367402039
836 1.1888311921506682
837 1.1698469945755314
838 1.057870324286906
839 1.1805402861988472
840 1.1481089722093485
841 1.1433043217137748
842 1.0444337072066598
843 1.076409426844602
844 1.0726156248494088
845 1.0644659256434115
846 1.0697106310888258
847 1.06283873425604
848 1.106027789306462
849 1.1846776692045455
850 1.061655601253994
851 1.000601322910403
852 1.124203132320051
853 1.00372378707869
854 1.1020211848283905
855 1.1716336730959
856 1.0826763766437468
857 1.1393197686936818
858 1.0023833453577982
859 1.0029461500019357
860 1.0052280387888393
861 1.0010583380251186
862 1.1569528879741022
863 1.0854418408033817
864 1.0541407923827044
865 1.1484806660965587
866 1.0369966297801612
867 1.1164743143957998
868 1.0378656033074816
869 1.195040039449401
870 1.0127490573453937
871 1.1884289411731315
872 1.0360785486904915
873 1.0796297998379543
874 1.009931887198788
875 1.1042576388499044
876 1.141544765684559
877 1.0008301236400083
878 1.028899676146988
879 1.018106750411745
880 1.0018512662532755
881 1.0303947176739456
882 1.1978530590792626
883 1.0691423525995967
884 1.0395904595037289
885 1.0012982767073555
886 1.0347823518656667
887 1.13317300562975
888 1.000601322910403
889 1.049196902419943
890 1.0667241116897175
891 1.0045974523435455
892 1.0542755362086065
893 1.0020890401032263
894 1.009237587336172
895 1.1721967954170238
896 1.1564263173946647
897 1.1054859386844247
898 1.0504033677611662
899 1.0420164259539197
900 1.0368210400287063
901 1.0314229814308256
902 1.0066736517899324
903 1.1416658261995765
904 1.0088348936623193
905 1.044405727682083
906 1.1845287786216423
907 1.1607665914809833
908 1.0063955835103509
909 1.104062453661956
910 1.0028492725480764
911 1.0800917285510874
912 1.000601322910403
913 1.1147855178659156
914 1.1061561074855202
915 1.1430308879524078
916 1.1693355791339317
917 1.0679560626161195
918 1.000824482444746
919 1.0880587626475848
920 1.000601322910403
921 1.0122248412043848
922 1.0655367985199877
923 1.1498607064099717
924 1.0808411686152726
925 1.0015957017017294
926 1.0502396957090507
927 1.0106155203337504
928 1.0337265080762144
929 1.0073641366115427
930 1.102271818724747
931 1.1229293955604835
932 1.0524512276257203
933 1.1253605790053274
934 1.030373215780507
935 1.154443343226884
936 1.0015843858196682
937 1.1302290881915653
938 1.0010575325685667
939 1.0096331498127094
940 1.096180432846421
941 1.046643114137265
942 1.0865067839747964
943 1.0311308513821715
944 1.055089502237817
945 1.084291939460622
946 1.0646031301848042
947 1.008017511041895
948 1.059347869052074
949 1.0011838655480187
950 1.0640983287072348
951 1.0533661874923517
952 1.0794035387588945
953 1.0016728679560831
954 1.0227216096081826
955 1.1265718178920356
956 1.0638098182377709
957 1.1580615227571782
958 1.0607592440162192
959 1.1459376212004693
960 1.059178425873071
961 1.0166673001872508
962 1.0166029511555592
963 1.0243286652162067
964 1.1256597605477743
965 1.0416528283722002
966 1.0071195207621322
967 1.0425368751537318
968 1.0656068860961716
969 1.040961011476012
970 1.1200484059227118
971 1.005260937012976
972 1.1595452517440004
973 1.0008438520010559
974 1.0010988788356403
975 1.1630441875337292
976 1.0520668880769752
977 1.0122289351306273
978 1.1376323930534384
979 1.129476231831439
980 1.0023356156084062
981 1.0853128785746435
982 1.2017483017748052
983 1.1019445112757806
984 1.015988635133068
985 1.1436333161526397
986 1.0019661352984208
987 1.049690892190088
988 1.152099434020706
989 1.1465392214175711
990 1.168557912213144
991 1.0475683531822222
992 1.0508931904678132
993 1.1072902400361757
994 1.0011645318920048
995 1.0024811370981317
996 1.107797914137943
997 1.1311508807225703
998 1.0537457567051944
999 1.0738290025623236
1000 1.1711280837140232
1001 1.0011227936225686
1002 1.0073948418358853
1003 1.1978195830850853
1004 1.0113769511509312
1005 1.1155642025050623
1006 1.0028251529889887
1007 1.0008371662752404
1008 1.001100009298952
1009 1.0784313981361895
1010 1.000833577363934
1011 1.0799055328601692
1012 1.034002192634709
1013 1.138498730949111
1014 1.095702283932685
1015 1.0529214228813
1016 1.0518604731613288
1017 1.037133244951502
1018 1.0617941771373995
1019 1.1987428122024248
1020 1.0008761283431027
1021 1.1717508749201044
1022 1.0523498678042098
1023 1.000601322910403
1024 1.0642467440696146
1025 1.047958808765363
1026 1.043929335468597
1027 1.0327819325389063
1028 1.0127881161821475
1029 1.0072806787302528
1030 1.0325976247902104
1031 1.0140508744656236
1032 1.0325640392052284
1033 1.031153611611661
1034 1.0812633561983511
1035 1.0638041503614486
1036 1.1357788662255546
1037 1.1491892050994403
1038 1.0013293785842396
1039 1.0105159300840738
1040 1.055973888501844
1041 1.0088277263556598
1042 1.0168462054128742
1043 1.001146847760254
1044 1.000601322910403
1045 1.0285574876510502
1046 1.000601322910403
1047 1.1032515979590742
1048 1.1419602077403568
1049 1.0882917302436246
1050 1.1909791119181958
1051 1.0759074497242196
1052 1.023219369942168
1053 1.000601322910403
1054 1.1720048668238414
1055 1.0154326737101786
1056 1.1514250520351257
1057 1.064022151228401
1058 1.0996953179957203
1059 1.0378132384850702
1060 1.1908285762428308
1061 1.0532931901619325
1062 1.0077473592464958
1063 1.1068523064256244
1064 1.0684204642580546
1065 1.048801111261525
1066 1.0317957439449164
1067 1.1461571815449039
1068 1.1554939762309417
1069 1.0745374032388673
1070 1.0282285597344945
1071 1.0438873900062797
1072 1.1969069777563333
1073 1.0747472293527751
1074 1.0011121834484122
1075 1.1175684490065332
1076 1.0375145631208407
1077 1.0008328964847966
1078 1.018524386812453
1079 1.0305974862734633
1080 1.0621887277168645
1081 1.0488836590920498
1082 1.046763153358201
1083 1.1445936009881996
1084 1.0191615169665804
1085 1.110574439433274
1086 1.065930861107485
1087 1.0330605838580669
1088 1.043279531926154
1089 1.031550902052913
1090 1.0786861531528487
1091 1.2022382940346321
1092 1.0153672376466392
1093 1.029414685954213
1094 1.0855434133701896
1095 1.1512886308390728
1096 1.072733751150363
1097 1.1520148516034145
1098 1.131217471662335
1099 1.171356952796245
1100 1.1489662341133735
1101 1.1019776599488578
1102 1.1418462072720559
1103 1.0229229501976485
1104 1.0274718554419984
1105 1.054405005389925
1106 1.0451927511231656
1107 1.0128854517528454
1108 1.008376212332265
1109 1.0099603451954227
1110 1.0124000016791075
1111 1.050782651264437
1112 1.0753057310393361
1113 1.0746689778413825
1114 1.0297428336300418
1115 1.0488801917875699
1116 1.0489892879285658
1117 1.124507250192481
1118 1.0482760155688553
1119 1.1067534168635123
1120 1.0144197384865432
1121 1.0127875184710045
1122 1.0580514604588744
1123 1.1109888032082176
1124 1.1138561650706225
1125 1.1314944192472036
1126 1.0398016518932052
1127 1.1296942275992272
1128 1.005001752494284
1129 1.003003367572074
1130 1.037591131081277
1131 1.1348558150217198
1132 1.0077249806032014
1133 1.155541514262435
1134 1.0769404728337615
1135 1.0649497619400758
1136 1.0784903910329613
1137 1.010883239200243
1138 1.0287121970172544
1139 1.0648079109936879
1140 1.0013088517102144
1141 1.0939711258382494
1142 1.0075920705211616
1143 1.1270293789795276
1144 1.002153252985125
1145 1.1648681532564276
1146 1.0293253383240317
1147 1.0078088685342323
1148 1.0561411326625374
1149 1.0336261656386465
1150 1.0372349876398852
1151 1.0710441595939308
1152 1.1798718743105634
1153 1.0280371218713622
1154 1.0327644311723905
1155 1.1334976715533245
1156 1.1017807649609095
1157 1.1517186596857156
1158 1.0090671739806576
1159 1.1507301188987535
1160 1.0515248187518553
1161 1.0650090176415832
1162 1.0078832183636701
1163 1.086127162466415
1164 1.000601322910403
1165 1.0646904323214286
1166 1.000601322910403
1167 1.0855542715730495
1168 1.0207687782470525
1169 1.106270099272153
1170 1.0077281758752903
1171 1.1607534333428307
1172 1.008746244726804
1173 1.052857617548927
1174 1.0441350878045041
1175 1.0036663961649452
1176 1.0514084162016029
1177 1.0811837646678768
1178 1.0762753898636266
1179 1.000601322910403
1180 1.0107672506600158
1181 1.0338856148765967
1182 1.0032701326299114
1183 1.1149469501716283
1184 1.0296941380844715
1185 1.0494444695487106
1186 1.1694574765762429
1187 1.0497541699734194
1188 1.0521407016364241
1189 1.1660119134700049
1190 1.0101852406151042
1191 1.000852951166647
1192 1.0008269485157377
1193 1.0015986989809438
1194 1.2128889467460742
1195 1.0568428953354367
1196 1.0564887534303808
1197 1.0525762132356231
1198 1.185680434578834
1199 1.2038381510221094
1200 1.0231727705319826
1201 1.1410528123747967
1202 1.01076792724739
1203 1.104113771972265
1204 1.163794552194568
1205 1.0603739381525792
1206 1.0151167613157719
1207 1.093943336530453
1208 1.171275541800935
1209 1.0494316424847678
1210 1.0854810412707436
1211 1.0440932212719687
1212 1.00305561105877
1213 1.000601322910403
1214 1.0054775651238366
1215 1.0096041732458063
1216 1.09233158594419
1217 1.0034055233820207
1218 1.0870059561689855
1219 1.0074339478578738
1220 1.014060182656863
1221 1.0387009632875388
1222 1.0032261312111095
1223 1.000831057769431
1224 1.084398486850973
1225 1.0068562429102021
1226 1.0015862681176957
1227 1.037585952954004
1228 1.1870233546958524
1229 1.0451652312887658
1230 1.007870168266663
1231 1.009624498547573
1232 1.000828269914096
1233 1.0016024108858226
1234 1.143070439703385
1235 1.006626396693562
1236 1.0203156934736983
1237 1.0612982268174287
1238 1.076209932381138
1239 1.1745375561719258
1240 1.0230189998078638
1241 1.1049870832557667
1242 1.0033681882056122
1243 1.0495362119381402
1244 1.0726300538917055
1245 1.0155621630466356
1246 1.0287183340133408
1247 1.0566041012258283
1248 1.1089031273546792
1249 1.0520238332767469
1250 1.1610540181924296
1251 1.0067302842747106
1252 1.1482566169688024
1253 1.0555549568830709
1254 1.001314271176267
1255 1.0720829684729056
1256 1.0655702913008764
1257 1.0086725289001175
1258 1.1263124165525864
1259 1.0305934224141151
1260 1.0060132299450861
1261 1.0593698381336532
1262 1.072340110979944
1263 1.0030184047864135
1264 1.0012871439279258
1265 1.004161251033144
1266 1.000601322910403
1267 1.064585214259966
1268 1.1573329590087744
1269 1.1244384111095953
1270 1.044645364144081
1271 1.0525011556052715
1272 1.0017305121233164
1273 1.0493116677084917
1274 1.1619505699460175
1275 1.008073263164698
1276 1.0123657663966912
1277 1.010176123501085
1278 1.0365835713766265
1279 1.140736173720114
1280 1.0013961022593643
1281 1.0638640687374263
1282 1.052666003157619
1283 1.0451294311218715
1284 1.0574831192179597
1285 1.1022818753053338
1286 1.1425575078525436
1287 1.005206555975687
1288 1.1058928953570557
1289 1.0576372259095508
1290 1.0577524080402216
1291 1.0555638018575566
1292 1.1225939289250764
1293 1.133820768899125
1294 1.0444517849679176
1295 1.0108091628099556
1296 1.1467276920347802
1297 1.1687698023362196
1298 1.1455303501484768
1299 1.0838365946963162
1300 1.0786740918427957
1301 1.028033270088028
1302 1.0155440049048234
1303 1.0542326268287439
1304 1.0385313148976953
1305 1.0604737654362801
1306 1.164029860416165
1307 1.0621111628852045
1308 1.1125782698815498
1309 1.0025807826264874
1310 1.048380424567475
1311 1.076276182479046
1312 1.100779545286368
1313 1.0120248644915424
1314 1.009104552284283
1315 1.0365574159678168
1316 1.0742099775073435
1317 1.0447362098962178
1318 1.0686252906986782
1319 1.05569231692949
1320 1.163334285808878
1321 1.0372407164382444
1322 1.045678698010413
1323 1.0010657885791947
1324 1.059899775507521
1325 1.000601322910403
1326 1.0540215283332703
1327 1.0103004973883285
1328 1.168373885794579
1329 1.040757241030891
1330 1.0008249436184746
1331 1.1791248520323938
1332 1.0612734766027363
1333 1.175407605125704
1334 1.1065601613598353
1335 1.1267643349611596
1336 1.1066762291035321
1337 1.1504244361360043
1338 1.005073800212053
1339 1.0952952805085592
1340 1.000601322910403
1341 1.0166615925936213
1342 1.0017572668005499
1343 1.0599412565705102
1344 1.0603945267935795
1345 1.0517302749093576
1346 1.1463937239906288
1347 1.016402038307667
1348 1.158780591242084
1349 1.009715183477661
1350 1.0263239943723885
1351 1.0832148227721028
1352 1.1784536013992122
1353 1.1618503049147044
1354 1.1018755166897458
1355 1.1358218152118973
1356 1.0280081537130212
1357 1.005271754697657
1358 1.051430723340992
1359 1.000601322910403
1360 1.0848670232560529
1361 1.0763378583145253
1362 1.1451602660948121
1363 1.0463122025290301
1364 1.179787903654609
1365 1.0147709900687327
1366 1.0514173056407297
1367 1.0491802205816951
1368 1.0010971025928899
1369 1.1272908868404556
1370 1.000601322910403
1371 1.0097654110095033
1372 1.0631804945008418
1373 1.085601976243411
1374 1.0578908098028375
1375 1.1988800660335288
1376 1.1649043097154574
1377 1.155023114707516
1378 1.0401699500348234
1379 1.0196744109286977
1380 1.0435230339486234
1381 1.000828326220519
1382 1.0791932335733683
1383 1.0655479934229195
1384 1.167501105145369
1385 1.1458456561446748
1386 1.05327794333436
1387 1.001550770741953
1388 1.0950721026617931
1389 1.1275126422020878
1390 1.0012883284042013
1391 1.134686822047772
1392 1.00398781740356
1393 1.052347448894724
1394 1.1314866054387374
1395 1.0167129056410382
1396 1.000601322910403
1397 1.1149564127157872
1398 1.0468843317013852
1399 1.042553505968927
1400 1.073931028418099
1401 1.0010862211814342
1402 1.012931879620799
1403 1.0760374916497935
1404 1.1213565897010689
1405 1.0489875217046352
1406 1.0664512820336727
1407 1.1441908902788422
1408 1.1435936263227446
1409 1.0008289121968144
1410 1.000825596884028
1411 1.083276794451881
1412 1.0717411793102407
1413 1.1099038979453437
1414 1.000601322910403
1415 1.0029136402553736
1416 1.0010722661643108
1417 1.0491811799739823
1418 1.0496151715665352
1419 1.0087433589723127
1420 1.159082920773787
1421 1.0354962662588
1422 1.054067923461614
1423 1.0119996235053117
1424 1.0788706552514402
1425 1.00129287099415
1426 1.000601322910403
1427 1.1013596149651492
1428 1.000601322910403
1429 1.1604041300443007
1430 1.164026256419123
1431 1.061359887128558
1432 1.0745930653542912
1433 1.0407794487114452
1434 1.004736386204354
1435 1.1196771389906652
1436 1.1681598650740894
1437 1.001055813028049
1438 1.0721596213234177
1439 1.0062611956199397
1440 1.0643869979814868
1441 1.1716916641383865
1442 1.150584650882995
1443 1.166635453451039
1444 1.0627715011372059
1445 1.001865580247576
1446 1.1503420309409762
1447 1.0431811659246908
1448 1.0015438850026175
1449 1.0241049124754575
1450 1.0687260072480886
1451 1.1783595244597977
1452 1.1157130671761495
1453 1.0788798258655359
1454 1.0650334931348802
1455 1.0637651956937704
1456 1.1325111160959551
1457 1.0031922775314805
1458 1.1068222937553345
1459 1.0498649375798546
1460 1.0573962579265126
1461 1.061745735091108
1462 1.0367743007103416
1463 1.0050277525658395
1464 1.0973594462261873
1465 1.145049408532275
1466 1.1040394929311816
1467 1.043050987920173
1468 1.1515502482586544
1469 1.1042173297927689
1470 1.0523182329539003
1471 1.002448570767364
1472 1.0015075552816999
1473 1.0713228554168346
1474 1.0009201872092053
1475 1.0030533172641245
1476 1.016494683919377
1477 1.1136631991655705
1478 1.0089578550166707
1479 1.085202022007022
1480 1.0279862836329015
1481 1.0633095649236155
1482 1.1361395863180586
1483 1.079344572097268
1484 1.001286033753356
1485 1.0621659353243291
1486 1.000601322910403
1487 1.1089593544343332
1488 1.0246221320194093
1489 1.068007730183279
1490 1.0018200278756981
1491 1.0105554213032646
1492 1.0981620902994003
1493 1.0431104439599972
1494 1.1024607615553403
1495 1.1349996746493607
1496 1.001715127802102
1497 1.0821957129635167
1498 1.0426253007785005
1499 1.006356574596662
1500 1.039038916110896
1501 1.1318153395371442
1502 1.0943637355769495
1503 1.0596921914716209
1504 1.0443273351243942
1505 1.000601322910403
1506 1.132433009818057
1507 1.0015304155284106
1508 1.126615818387804
1509 1.1914702181974617
1510 1.0301196744689727
1511 1.1651721298524564
1512 1.1370023870962758
1513 1.1220028525336136
1514 1.0259095272350718
1515 1.0469950958063716
1516 1.0389674474909574
1517 1.1850170504780966
1518 1.0337433877015374
1519 1.0466292849887164
1520 1.0980216971259524
1521 1.0446700145800518
1522 1.0184135228801894
1523 1.0120258450861728
1524 1.0826108653628217
1525 1.1307112130787795
1526 1.0976049739517393
1527 1.0725334949093488
1528 1.086594703339074
1529 1.160230606420557
1530 1.136994300381434
1531 1.0072529804997565
1532 1.0009108810210139
1533 1.0463605418945618
1534 1.1125688404352818
1535 1.1338393469043608
1536 1.1428596263315027
1537 1.1169617194498933
1538 1.0103811682910977
1539 1.0458591058030653
1540 1.1197477778313407
1541 1.0779377605241005
1542 1.0762390798738053
1543 1.0335776677664166
1544 1.108155225645889
1545 1.001712024706132
1546 1.145935422371098
1547 1.1769626532401978
1548 1.0647579976779835
1549 1.1918075415857234
1550 1.0661769244550003
1551 1.061162138968163
1552 1.1133310017024882
1553 1.0018350209571156
1554 1.0980052157652072
1555 1.1144288343364102
1556 1.1672245225907885
1557 1.0008251039413079
1558 1.0029760955607308
1559 1.0017577300221456
1560 1.0427622446516087
1561 1.028350922411054
1562 1.0136169659403007
1563 1.079631434727337
1564 1.0053722831100722
1565 1.1121069118658478
1566 1.0378310024483481
1567 1.0051776117423872
1568 1.0068622781538954
1569 1.0047806314439462
1570 1.0686944597950645
1571 1.0018480627123518
1572 1.1276644047278206
1573 1.1827937428812891
1574 1.0011358157658239
1575 1.0220756359966063
1576 1.0667185658607012
1577 1.086572718294468
1578 1.109509578228566
1579 1.2019629202616506
1580 1.000601322910403
1581 1.157099299243143
1582 1.0029260571079694
1583 1.1209819469690094
1584 1.0177488339874181
1585 1.0019707792180956
1586 1.0336530281253045
1587 1.050988588103573
1588 1.1637997805378513
1589 1.0027609196553544
1590 1.0014258515712329
1591 1.0860032110054636
1592 1.1551939158672755
1593 1.0670690942780872
1594 1.1627713666076434
1595 1.1280738357213995
1596 1.0015498955666613
1597 1.055192139441181
1598 1.1584659869608216
1599 1.2049581297608105
1600 1.039775240272542
1601 1.0194922426131183
1602 1.0404310242467045
1603 1.0415832198955002
1604 1.1639102802255554
1605 1.0437974197783266
1606 1.0316104130035735
1607 1.0831284835176576
1608 1.1137253503786517
1609 1.0465356425488612
1610 1.0290627836435526
1611 1.0081294553638736
1612 1.0444514390624176
1613 1.1318288585648144
1614 1.1207385855656626
1615 1.1505715558045029
1616 1.0586588400189771
1617 1.0529231532504064
1618 1.1135061756260103
1619 1.1871188735822362
1620 1.127291726447846
1621 1.1779559663463708
1622 1.1613863322269056
1623 1.1441340136855542
1624 1.1805148747935934
1625 1.0564168348065623
1626 1.164888441219889
1627 1.1503180441303023
1628 1.0394864176938736
1629 1.0010892478360107
1630 1.184292570349426
1631 1.001596596468545
1632 1.000601322910403
1633 1.0669157898417394
1634 1.0120059544364859
1635 1.0295523220949536
1636 1.001051637001177
1637 1.000601322910403
1638 1.069823624725675
1639 1.0322152614384619
1640 1.0131884044254125
1641 1.0671966539327313
1642 1.0050867304736801
1643 1.0417333319216635
1644 1.127715716869074
1645 1.1313612730516955
1646 1.0406548364413162
1647 1.0208210429358677
1648 1.145513864237933
1649 1.0808869014318816
1650 1.0461910238531342
1651 1.1355586218483993
1652 1.1170858532548793
1653 1.1414909020381088
1654 1.1472149261967863
1655 1.054071298265612
1656 1.0029489064427441
1657 1.0137677811069519
1658 1.0961289165508505
1659 1.0665252002903514
1660 1.048698841393618
1661 1.0661717458491748
1662 1.014211055435934
1663 1.000601322910403
