0 9.338622360755714E-5
1 6.221585815265854E-4
2 8.011958877469586E-4
3 6.746256518736911E-4
4 5.307130618168872E-4
5 4.3126795884385473E-4
6 7.002953436470554E-4
7 8.151265472825328E-4
8 7.815779700153561E-4
9 9.338622360755714E-5
10 7.486273587827173E-4
11 7.134868711817755E-4
12 1.0749181819624402E-4
13 3.319332782967725E-4
14 7.853883387910693E-4
15 5.404083809393035E-4
16 4.4454413366150884E-4
17 8.485848663444054E-4
18 8.70732275365713E-4
19 9.338622360755714E-5
20 5.676990538154202E-4
21 8.615475799307614E-4
22 7.277141599785773E-4
23 9.35939030060493E-4
24 9.159988266231351E-4
25 7.947193477653387E-4
26 4.943651896090788E-4
27 8.847461874039264E-4
28 9.166948512120905E-4
29 9.338622360755714E-5
30 5.774863871627751E-4
31 9.338622360755714E-5
32 7.56276748037018E-4
33 6.249171548152951E-4
34 6.816573803731807E-4
35 9.335114251191267E-4
36 4.8155407734022654E-4
37 9.040756828443459E-4
38 3.141683174124264E-4
39 3.5242826447971917E-4
40 2.2050963919166983E-4
41 8.341996334051571E-4
42 6.234192183288107E-4
43 8.347334429479407E-4
44 4.299228830342254E-4
45 4.7462538805437423E-4
46 7.808547450067329E-4
47 6.948914192194107E-4
48 4.4254292430097005E-4
49 4.623924826973544E-4
50 8.976577957051648E-4
51 7.493072186623292E-4
52 7.937203079898546E-4
53 5.759492176967098E-4
54 8.596169162547339E-4
55 3.0029793412460285E-4
56 5.367512695710348E-4
57 1.6752226086208988E-4
58 5.238998132058952E-4
59 6.075119826963892E-4
60 1.5628723377344973E-4
61 6.271811553933858E-4
62 8.324269023081739E-4
63 6.445845952776697E-4
64 7.919115841024811E-4
65 6.455822821352247E-4
66 3.2934237291091996E-4
67 1.2326679768666409E-4
68 8.027162774506678E-4
69 6.441348445217234E-4
70 6.21329239340705E-4
71 9.140749218028773E-4
72 7.42456641787429E-4
73 3.397490717798713E-4
74 9.703806548890652E-4
75 5.274741983230653E-4
76 8.063047892967121E-4
77 7.060290511916255E-4
78 5.54532214148433E-4
79 1.0847952501627533E-4
80 7.791447876859674E-4
81 5.296289543534829E-4
82 8.508360881464883E-4
83 9.338622360755714E-5
84 1.1426087615980844E-4
85 6.225678732737929E-4
86 7.215355856120818E-4
87 8.245150363799689E-4
88 6.347920459020011E-4
89 6.845308608551639E-4
90 8.455013883729591E-4
91 7.385202260053202E-4
92 5.972544841143375E-4
93 8.243870989653718E-4
94 8.014478497454527E-4
95 8.547652243681245E-4
96 4.898974937547183E-4
97 9.338622360755714E-5
98 7.709457497768025E-4
99 2.499656260940389E-4
100 4.0734287004863014E-4
101 8.978843825821864E-4
102 6.943292523971896E-4
103 7.184260574308317E-4
104 7.284430021354614E-4
105 7.028917770101367E-4
106 7.611277364926985E-4
107 4.3277864644316607E-4
108 6.663859225365968E-4
109 3.800682086121913E-4
110 6.565655387626494E-4
111 6.896935732061721E-4
112 3.15096460290076E-4
113 6.879433029741044E-4
114 7.245252011328768E-4
115 5.350480855525935E-4
116 4.8079881366742966E-4
117 5.565584989167281E-4
118 5.899044997692513E-4
119 6.771685738131987E-4
120 9.338622360755714E-5
121 3.9102880355164105E-4
122 3.9321960540512294E-4
123 5.138855764360432E-4
124 7.409567678681697E-4
125 1.5507144542802178E-4
126 7.982422150225355E-4
127 6.161198766592912E-4
128 2.942186732465204E-4
129 7.0623170128837E-4
130 4.79658252812942E-4
131 6.394683012287343E-4
132 5.445458137715167E-4
133 7.215060853876353E-4
134 7.783468410526713E-4
135 5.550429497726417E-4
136 6.646641615864365E-4
137 5.23647947553002E-4
138 8.076776907542453E-4
139 7.412795402977893E-4
140 6.085060539848175E-4
141 6.064701253158125E-4
142 7.849931968081778E-4
143 2.650295341879135E-4
144 6.398909397610543E-4
145 4.0331171214947204E-4
146 8.859947670927573E-4
147 6.049576008411132E-4
148 5.815502168820768E-4
149 4.929446261186271E-4
150 7.387126556039083E-4
151 3.757368692747681E-4
152 4.062432820623291E-4
153 8.737685147005109E-4
154 4.558523438114624E-4
155 6.676038447511545E-4
156 2.616253772803163E-4
157 8.577020912284133E-4
158 6.444743070402494E-4
159 9.338622360755714E-5
160 7.905384817703703E-4
161 5.345006462416661E-4
162 4.017636414540656E-4
163 7.507934646433761E-4
164 3.277276211512291E-4
165 8.083453031705324E-4
166 6.15196340304627E-4
167 1.2409490082994815E-4
168 8.79277093519902E-4
169 7.837996199839911E-4
170 7.97052201360548E-4
171 8.263678771195527E-4
172 5.527504863832069E-4
173 4.743109174236185E-4
174 8.684082618137654E-4
175 7.950738296991293E-4
176 8.040619304494622E-4
177 8.176651561804141E-4
178 8.960938183406077E-4
179 5.052959824399332E-4
180 8.744563079170151E-4
181 7.022548702307806E-4
182 4.6900518554402414E-4
183 8.192384673512543E-4
184 6.658720833343526E-4
185 7.221209626618586E-4
186 7.610627649179635E-4
187 5.8320689213915E-4
188 5.11237126365206E-4
189 8.787438298715336E-4
190 6.359265238017846E-4
191 9.338622360755714E-5
192 8.15670755629834E-4
193 7.63180893801206E-4
194 3.6561785378387817E-4
195 9.083804558358233E-4
196 5.848266767402981E-4
197 3.8162220159109795E-4
198 7.12552051680609E-4
199 6.603667366455933E-4
200 2.6300938386917237E-4
201 9.338622360755714E-5
202 8.495112968087363E-4
203 7.943248036008059E-4
204 7.510422408902399E-4
205 7.896929492563815E-4
206 7.497297915966873E-4
207 8.660478145464944E-4
208 9.158509541988692E-4
209 6.57779354285518E-4
210 6.194635567746442E-4
211 7.515992073601586E-4
212 7.205584944412046E-4
213 7.372577013902413E-4
214 5.961944815759531E-4
215 8.061820878516339E-4
216 5.041425442858154E-4
217 9.438848567613826E-4
218 6.379848918287429E-4
219 6.590216687182141E-4
220 3.9830899094504563E-4
221 9.338622360755714E-5
222 5.834939536616572E-4
223 4.68081587377495E-4
224 8.324843087288624E-4
225 5.594688436539728E-4
226 5.520150967676181E-4
227 7.503616552306483E-4
228 9.112125098306789E-4
229 9.077904520526172E-4
230 7.155783308072028E-4
231 8.074435754826658E-4
232 3.1161151321973206E-4
233 8.250041976900042E-4
234 8.955728800539639E-4
235 6.757472661215462E-4
236 9.951909885380294E-4
237 9.338622360755714E-5
238 7.92627487325775E-4
239 1.218611003362238E-4
240 3.553817643637248E-4
241 6.810428859127168E-4
242 4.803138287557872E-4
243 4.387465391910444E-4
244 5.611153209594041E-4
245 6.998239212309378E-4
246 5.268014119762226E-4
247 5.461241716202394E-4
248 6.884982124662309E-4
249 4.4892843258800727E-4
250 7.336930031976368E-4
251 4.2133535037254673E-4
252 9.338622360755714E-5
253 5.583956015933906E-4
254 5.867689157757179E-4
255 7.302557957854437E-4
256 1.5933050611010652E-4
257 8.712061342472977E-4
258 6.490794265511464E-4
259 7.086309377204612E-4
260 5.097489253373792E-4
261 7.354681152671167E-4
262 4.676650923937553E-4
263 7.421303459276569E-4
264 5.701670744171054E-4
265 6.264020034706836E-4
266 6.875567261140091E-4
267 8.473715385735802E-4
268 6.291280624771706E-4
269 5.460050815428522E-4
270 5.044135432799371E-4
271 6.060284375588789E-4
272 7.381996472641341E-4
273 8.04558128213115E-4
274 6.841372098755123E-4
275 8.5614758654789E-4
276 8.564841036943343E-4
277 6.88048736656249E-4
278 8.923145235599235E-4
279 6.464908107708802E-4
280 9.338622360755714E-5
281 6.72794764620866E-4
282 6.066829304898038E-4
283 9.224428659182103E-4
284 3.211102239615582E-4
285 4.0103176427415144E-4
286 2.9547209468371434E-4
287 8.159489398589528E-4
288 6.610577501263485E-4
289 3.5644977097391004E-4
290 7.625498056466861E-4
291 7.826624770314898E-4
292 9.372289922948398E-4
293 5.526987528763943E-4
294 5.387290377175237E-4
295 7.143418927567455E-4
296 6.410711085411766E-4
297 7.273893479951689E-4
298 7.107758688110677E-4
299 6.477049667452068E-4
300 7.978516194489819E-4
301 7.765996464391864E-4
302 6.25342959798037E-4
303 7.09577374570751E-4
304 8.593181697457751E-4
305 6.237290008290965E-4
306 6.896260408137119E-4
307 6.249636504382586E-4
308 8.409225759625455E-4
309 4.394487657794477E-4
310 4.3806936110247715E-4
311 8.347745700466927E-4
312 1.9831320615742553E-4
313 5.023992728926601E-4
314 8.356652908777778E-4
315 4.615670591756071E-4
316 8.110940787574654E-4
317 4.531366214037879E-4
318 1.2604201756558222E-4
319 7.405076979309901E-4
320 2.4055556696320738E-4
321 5.598932987315273E-4
322 4.1574165699269654E-4
323 7.138788042114526E-4
324 6.763662541765086E-4
325 3.83043771582598E-4
326 9.892059221567903E-4
327 7.25240312125478E-4
328 4.346565724516231E-4
329 7.27292166903588E-4
330 2.9743648120181883E-4
331 8.532600254386196E-4
332 5.361504070607378E-4
333 9.459215617640788E-4
334 7.352742291432719E-4
335 9.338622360755714E-5
336 5.924128862625415E-4
337 7.293590044681065E-4
338 6.234472009928776E-4
339 4.671389101780636E-4
340 6.180180072198395E-4
341 6.475343771189633E-4
342 7.408837176692508E-4
343 3.34876721267129E-4
344 1.2403762680780246E-4
345 6.582589444339318E-4
346 5.779367342186773E-4
347 7.202698229158494E-4
348 6.59906260668436E-4
349 7.616908225175946E-4
350 6.491493189055319E-4
351 8.272738690692501E-4
352 6.00853268087227E-4
353 7.277919158262538E-4
354 4.845684952623968E-4
355 2.2841668360144775E-4
356 6.497480137356886E-4
357 3.532975023079314E-4
358 7.509833321486227E-4
359 7.235852964571435E-4
360 7.659456928769425E-4
361 6.589120561432511E-4
362 2.4668046565054513E-4
363 8.04629822310346E-4
364 2.1794246323421926E-4
365 7.870343611514853E-4
366 1.8927123023368484E-4
367 2.3365101074654962E-4
368 4.610053303917182E-4
369 3.2659572030795754E-4
370 6.659412270852527E-4
371 7.316896020988491E-4
372 2.9292910120057997E-4
373 1.1730016577252802E-4
374 1.0751594197523904E-4
375 6.766869991344478E-4
376 6.484970092972143E-4
377 7.519895641013739E-4
378 1.2988288862480967E-4
379 6.225678732737929E-4
380 2.6471320961560496E-4
381 4.907697577711852E-4
382 6.701161020485922E-4
383 5.41173216935622E-4
384 5.222233221513487E-4
385 5.177106086223561E-4
386 4.93341665821807E-4
387 6.386296976091912E-4
388 5.519228511228362E-4
389 7.558202737702514E-4
390 9.338622360755714E-5
391 5.3619477679369E-4
392 5.275151580066702E-4
393 3.730002694996974E-4
394 7.002925610769001E-4
395 6.1876364807084E-4
396 7.303834214614595E-4
397 4.276423371615392E-4
398 7.212008264083617E-4
399 2.823970040265082E-4
400 6.000882282909482E-4
401 2.0814423830133104E-4
402 7.705986329347205E-4
403 6.975530957887789E-4
404 7.472804538956382E-4
405 4.8459075410057844E-4
406 2.648443973497365E-4
407 5.517262513317195E-4
408 8.680220315896046E-4
409 4.4084824125971075E-4
410 8.08171921398453E-4
411 6.083139272219676E-4
412 8.295573783884019E-4
413 9.338622360755714E-5
414 6.43848946103861E-4
415 7.336956907645705E-4
416 9.193505003158551E-4
417 8.106630446366315E-4
418 7.982219501982318E-4
419 3.8001870500914815E-4
420 8.14913413387925E-4
421 9.338622360755714E-5
422 3.7352397411342925E-4
423 5.254492876955152E-4
424 7.150836077347408E-4
425 7.477825515767498E-4
426 5.971197433609609E-4
427 8.525846150148247E-4
428 7.945200079353419E-4
429 7.674437792230633E-4
430 2.4425785592625815E-4
431 2.2433936599902606E-4
432 5.91502126824727E-4
433 8.923992772723318E-4
434 6.32654823879163E-4
435 7.631368336004042E-4
436 9.239804954293264E-4
437 9.731719567220878E-4
438 6.77558141003141E-4
439 5.329186124367641E-4
440 3.539188217272807E-4
441 9.149638365352012E-4
442 7.202678889000749E-4
443 6.192808251171874E-4
444 6.851053066457003E-4
445 8.100702123005639E-4
446 3.922682503809511E-4
447 6.225678732737929E-4
448 5.598452012593803E-4
449 9.174088311874728E-4
450 7.634783658044753E-4
451 6.912253861147301E-4
452 5.102468832822313E-4
453 4.763848343071847E-4
454 9.338622360755714E-5
455 5.733096943580292E-4
456 3.0704982357387207E-4
457 7.433044720070199E-4
458 1.3843947356436908E-4
459 5.04607074148285E-4
460 2.3526129418978637E-4
461 6.491087141699421E-4
462 8.567866606962539E-4
463 8.685878247084827E-4
464 6.588286508151851E-4
465 7.530488135507424E-4
466 7.198084234606634E-4
467 6.351531936270681E-4
468 1.1405273725364146E-4
469 8.606339304590984E-4
470 3.6730539421173406E-4
471 7.6408299724794E-4
472 2.728908441402903E-4
473 5.764954800355025E-4
474 9.148392182369897E-4
475 7.486565421877747E-4
476 1.3413241888262577E-4
477 3.118846944493989E-4
478 4.769332761328188E-4
479 7.555049167547953E-4
480 6.020545365059953E-4
481 8.95773433121241E-4
482 7.679727037481159E-4
483 3.692978863875838E-4
484 7.50098757260422E-4
485 9.338622360755714E-5
486 6.68842296913922E-4
487 2.4011496593800903E-4
488 8.234757831467997E-4
489 7.26636577997353E-4
490 4.386296238785795E-4
491 6.670263448542498E-4
492 8.117224248854411E-4
493 5.213992641479201E-4
494 9.718115295531899E-4
495 9.673451834710805E-4
496 7.932653223379349E-4
497 6.733338912861978E-4
498 8.724873720507962E-4
499 4.803877761049548E-4
500 8.752832796998668E-4
501 9.338622360755714E-5
502 9.193440554202219E-4
503 4.711763875441555E-4
504 8.977521973764127E-4
505 7.440477500388183E-4
506 6.861752691716354E-4
507 7.454454146779313E-4
508 7.144198363140267E-4
509 5.865865565321758E-4
510 6.553856473123309E-4
511 7.86966378631575E-4
512 5.454267240682654E-4
513 8.348319654068214E-4
514 4.914605505418389E-4
515 5.905141942591909E-4
516 9.338622360755714E-5
517 3.259704725402376E-4
518 9.407481126461661E-4
519 4.414258217766634E-4
520 1.4129452614274925E-4
521 7.371168473718525E-4
522 8.15959663287258E-4
523 9.480623926495944E-4
524 3.9226767731176024E-4
525 8.869296746569683E-4
526 4.930198535541547E-4
527 6.132818390410101E-4
528 6.225678732737929E-4
529 7.325940316042753E-4
530 9.63659374320717E-4
531 2.6883076125376777E-4
532 7.913981763127922E-4
533 7.406659669776037E-4
534 8.226843846623767E-4
535 5.005112245639586E-4
536 5.270635076669513E-4
537 6.280532820867192E-4
538 8.611250893220426E-4
539 5.353077718305241E-4
540 7.766459184994455E-4
541 7.728991102720776E-4
542 6.495621079053942E-4
543 5.698380944648684E-4
544 6.318347904187284E-4
545 7.959689803793882E-4
546 5.550183961425726E-4
547 4.849845395734985E-4
548 5.185334332513504E-4
549 9.398950927540331E-4
550 7.246341069090585E-4
551 8.058601108671294E-4
552 1.8800538433816854E-4
553 6.864283654225333E-4
554 8.376387855854615E-4
555 9.257719927753357E-4
556 8.544410219117405E-4
557 2.931026851663757E-4
558 1.5989848477171808E-4
559 7.775654657133613E-4
560 5.730915265706693E-4
561 2.402070602110237E-4
562 1.6627871609711944E-4
563 6.894309491121956E-4
564 7.799974465351957E-4
565 8.095519565853911E-4
566 6.216042169322467E-4
567 5.378682770093435E-4
568 7.792234850628742E-4
569 5.578917790989787E-4
570 6.31543000869853E-4
571 6.534243054780602E-4
572 8.276650401027217E-4
573 8.25226974056468E-4
574 6.225678732737929E-4
575 5.693494379354399E-4
576 7.269179427167624E-4
577 7.874039905757502E-4
578 6.491493189055319E-4
579 6.310665327946023E-4
580 8.483482268018747E-4
581 6.894993761656643E-4
582 4.176172472425239E-4
583 7.05088996918989E-4
584 3.850951466129676E-4
585 9.338622360755714E-5
586 8.732192227463814E-4
587 8.073265480425166E-4
588 6.465945489243503E-4
589 7.359863722193753E-4
590 3.242676718898347E-4
591 3.301253587999772E-4
592 5.733293316763327E-4
593 4.8160052857479396E-4
594 1.570508763397784E-4
595 9.338622360755714E-5
596 6.960834419928637E-4
597 5.593309826140621E-4
598 7.115155269327849E-4
599 4.1298985270551297E-4
600 8.387908076606916E-4
601 7.848851021611554E-4
602 3.499794295869648E-4
603 6.146942903472027E-4
604 8.233186479868741E-4
605 2.2399578166667252E-4
606 6.854869293755671E-4
607 9.338622360755714E-5
608 8.605446902523432E-4
609 6.936608587840281E-4
610 5.341293790121918E-4
611 5.255775334628886E-4
612 9.338622360755714E-5
613 8.579409901515726E-4
614 4.3443765994110884E-4
615 6.225678732737929E-4
616 2.2760036023809256E-4
617 3.723328277016845E-4
618 5.224328222831113E-4
619 9.338622360755714E-5
620 7.20513066433724E-4
621 7.541742675110247E-4
622 5.542441442463094E-4
623 4.99340673987065E-4
624 7.645994904031826E-4
625 1.2248307925514588E-4
626 8.619255183965957E-4
627 4.6056383685927766E-4
628 5.711282339637876E-4
629 5.881775319953298E-4
630 8.229256520770386E-4
631 2.471832030421516E-4
632 4.7502998408613644E-4
633 9.320259495314877E-4
634 2.671565388857924E-4
635 2.949474665309656E-4
636 4.7725283268736427E-4
637 7.827912567487965E-4
638 3.2887723503041894E-4
639 9.338622360755714E-5
640 2.27414287884318E-4
641 6.305923884061043E-4
642 7.311211142366882E-4
643 4.4539793537749263E-4
644 7.047847349402664E-4
645 5.818921793640389E-4
646 1.377777206591177E-4
647 9.338622360755714E-5
648 9.799500035203286E-4
649 7.568479713227521E-4
650 5.654805431031224E-4
651 5.602158492649646E-4
652 5.245252078444728E-4
653 7.6165129038841E-4
654 3.2616848146073423E-4
655 6.828448511329653E-4
656 7.761990386021524E-4
657 9.338622360755714E-5
658 7.966145825808024E-4
659 8.651674313912325E-4
660 8.307648300571873E-4
661 5.298503714896161E-4
662 6.811945732733059E-4
663 9.687870095066425E-4
664 7.010746252368445E-4
665 4.921228990154399E-4
666 8.241486435730748E-4
667 7.971526192490136E-4
668 9.338622360755714E-5
669 6.377663581401995E-4
670 6.880607165085496E-4
671 6.090098384267991E-4
672 3.397490717798713E-4
673 7.258999505805868E-4
674 5.147995045689194E-4
675 8.492078172451672E-4
676 8.469712963215896E-4
677 8.592209529542747E-4
678 5.760183347491759E-4
679 3.204545836899252E-4
680 5.23370190573349E-4
681 6.817529194628346E-4
682 6.536945351985054E-4
683 9.20507093423664E-4
684 6.541926246993855E-4
685 6.59480122221931E-4
686 7.354554654120693E-4
687 9.202670253405413E-4
688 7.768384838868197E-4
689 5.179063697198645E-4
690 7.91073953236991E-4
691 9.851400755866825E-4
692 4.891236441217154E-4
693 4.044181301136062E-4
694 7.528954532348742E-4
695 7.597024297066145E-4
696 2.4717667292982514E-4
697 4.601729730394692E-4
698 4.2504444803341865E-4
699 6.253922575543255E-4
700 9.201713705214785E-4
701 4.457439125796187E-4
702 9.940044492016227E-4
703 7.106459644172805E-4
704 5.5016594075847E-4
705 9.338622360755714E-5
706 7.424442651571838E-4
707 4.14252681919532E-4
708 7.651773073870475E-4
709 6.195733371948604E-4
710 6.940027923983879E-4
711 9.703779962754177E-4
712 4.4892843258800727E-4
713 4.900717666631981E-4
714 5.074558308333362E-4
715 7.120169492051985E-4
716 6.715636199666398E-4
717 2.604506503439889E-4
718 4.7238162690105664E-4
719 9.120791508101964E-4
720 6.282007669220423E-4
721 7.507312324133719E-4
722 6.772005136253577E-4
723 7.071642617536826E-4
724 6.305979932633014E-4
725 7.693257805756521E-4
726 7.543091603213065E-4
727 8.392926808496389E-4
728 6.375454378350351E-4
729 8.929033313352201E-4
730 5.90828293356471E-4
731 7.273291233602187E-4
732 6.503028533759035E-4
733 7.265693377304974E-4
734 6.090959498790812E-4
735 6.646400969704074E-4
736 8.225121288785149E-4
737 4.971114996385867E-4
738 5.101215477411684E-4
739 3.3181585932264473E-4
740 2.3177171505311636E-4
741 7.50445436750617E-4
742 8.94876005802442E-4
743 2.661178154053381E-4
744 6.475343771189633E-4
745 9.164401088822692E-4
746 6.626985438592292E-4
747 3.104171681528204E-4
748 6.225678732737929E-4
749 9.611401624955021E-4
750 9.338622360755714E-5
751 1.4814494959109153E-4
752 2.7090707453462486E-4
753 9.338622360755714E-5
754 3.397490717798713E-4
755 6.356463737822525E-4
756 2.054719396856442E-4
757 7.622187268007868E-4
758 8.32094539542908E-4
759 4.780692947503841E-4
760 7.034026540625673E-4
761 7.747777797092652E-4
762 7.787410151889038E-4
763 8.666598778107327E-4
764 6.615008689553636E-4
765 7.938132833333117E-4
766 8.589538704763307E-4
767 6.225678732737929E-4
768 7.249207716163139E-4
769 8.366946203722538E-4
770 7.503760806213167E-4
771 8.345693943932823E-4
772 6.770787762593393E-4
773 7.097356391196235E-4
774 5.25609760930194E-4
775 6.918627589535135E-4
776 6.978057814633622E-4
777 5.273193537496675E-4
778 8.206822026756506E-4
779 9.334043596108089E-4
780 8.467085566457235E-4
781 6.963690541656488E-4
782 9.970064503004763E-4
783 4.0977890172478573E-4
784 6.285754965252255E-4
785 6.137639163427767E-4
786 9.338622360755714E-5
787 8.567469328662675E-4
788 5.630717314614052E-4
789 5.152162077927433E-4
790 9.76588490925916E-4
791 9.338622360755714E-5
792 7.82874681323001E-4
793 6.321231790393134E-4
794 3.8212205250010543E-4
795 4.901482617490597E-4
796 2.0318170021180375E-4
797 8.701864014882025E-4
798 6.094325848780383E-4
799 5.980888632578043E-4
800 6.298620775907127E-4
801 7.173011600509343E-4
802 9.338622360755714E-5
803 7.953526532995013E-4
804 7.94689468672833E-4
805 9.132511612902408E-4
806 7.101765796150741E-4
807 7.083662050388653E-4
808 8.329709287871747E-4
809 8.889243418805716E-4
810 4.5785955490670443E-4
811 7.162902200878531E-4
812 8.378508393867529E-4
813 4.126990389200276E-4
814 8.15420983180198E-4
815 8.31172439634671E-4
816 5.83111715658465E-4
817 5.980425544515404E-4
818 8.978747628491662E-4
819 5.284522500933776E-4
820 9.338622360755714E-5
821 6.172410096628082E-4
822 7.597421489259399E-4
823 9.523913544084554E-4
824 6.644889613988457E-4
825 6.550634474307666E-4
826 5.715402263065844E-4
827 9.423838397868835E-4
828 8.913042377539298E-4
829 7.534819756075915E-4
830 6.28385803656338E-4
831 6.573036771601204E-4
832 5.151791620214758E-4
833 5.772724815765544E-4
834 8.288274411530238E-4
835 4.6408559248865676E-4
836 9.340042123105252E-4
837 8.638099452762703E-4
838 7.043602722468205E-4
839 8.881236480135023E-4
840 8.152363521083644E-4
841 7.828612016783561E-4
842 6.286367054214914E-4
843 5.228451994975212E-4
844 5.216961055662545E-4
845 4.7974180013570227E-4
846 5.133337539259027E-4
847 4.5573606423754306E-4
848 6.273503664154306E-4
849 9.125371627549787E-4
850 7.086186492972236E-4
851 9.338622360755714E-5
852 7.059043433634336E-4
853 4.291164701101809E-4
854 6.655676196428979E-4
855 8.943983140963247E-4
856 8.2018710062545E-4
857 7.82417684692783E-4
858 5.892308230077613E-4
859 1.6540963906421587E-4
860 1.8841685585152776E-4
861 5.052959824399332E-4
862 8.211367196000269E-4
863 5.485977536742E-4
864 7.021175871219662E-4
865 8.241971734938451E-4
866 5.416266272176946E-4
867 7.094809679673922E-4
868 3.969664460240578E-4
869 9.99073507788729E-4
870 1.8146293731030323E-4
871 9.533433952212854E-4
872 4.3472802239549003E-4
873 5.624106617496337E-4
874 9.965302636328014E-4
875 7.4357787877037E-4
876 7.488995283694953E-4
877 3.271039559427186E-4
878 3.3847667701316904E-4
879 3.899509182386226E-4
880 5.037057646665614E-4
881 4.8772086157055315E-4
882 9.669405887187318E-4
883 7.83819956612668E-4
884 5.080725294061689E-4
885 3.395416800684031E-4
886 3.48749036091648E-4
887 7.831712527185756E-4
888 9.338622360755714E-5
889 6.662981782153589E-4
890 4.862306103870876E-4
891 5.284638583579556E-4
892 6.875046350463747E-4
893 4.233738668429237E-4
894 1.5247062047941444E-4
895 8.625128809133364E-4
896 8.166410565468575E-4
897 6.509707200830601E-4
898 6.424984764838184E-4
899 4.013896604001653E-4
900 3.2497735524106855E-4
901 4.803138287557872E-4
902 1.402568392434901E-4
903 7.897285099494669E-4
904 5.059249254312159E-4
905 6.208227538166778E-4
906 9.00236588825786E-4
907 8.306730566216082E-4
908 1.3679388118066187E-4
909 6.688253255179817E-4
910 7.987299408898602E-4
911 5.298586973363559E-4
912 9.338622360755714E-5
913 7.070624100326105E-4
914 6.545019597730622E-4
915 7.78284826341317E-4
916 8.867695101495744E-4
917 7.13267237952832E-4
918 3.397490717798713E-4
919 5.659944148581741E-4
920 9.338622360755714E-5
921 6.331160173431356E-4
922 5.872489595356388E-4
923 8.001067126380109E-4
924 8.148685565391251E-4
925 1.520889155482572E-4
926 6.696908370130887E-4
927 6.107381721492791E-4
928 4.867732040013725E-4
929 6.857556974831067E-4
930 6.422482248658721E-4
931 7.415566956670171E-4
932 6.85462308026937E-4
933 7.108306780826656E-4
934 3.4783566886090883E-4
935 8.08763104451579E-4
936 7.210143364399066E-4
937 7.570542907670698E-4
938 5.861883644899378E-4
939 6.19733860970745E-4
940 5.81922166595011E-4
941 6.526969501129094E-4
942 5.417327237046576E-4
943 3.9097334339886655E-4
944 5.917962030101002E-4
945 6.087598916564971E-4
946 4.6953081980358863E-4
947 7.408039067982711E-4
948 7.366836626254151E-4
949 6.225678732737929E-4
950 5.645920121224964E-4
951 6.527861156126713E-4
952 5.286402533642268E-4
953 5.671778574717782E-4
954 2.6426105963813954E-4
955 7.14087788755937E-4
956 5.867444301290726E-4
957 8.526591398455083E-4
958 7.425132471220283E-4
959 7.986819497132802E-4
960 7.469592651838854E-4
961 8.362891703324937E-4
962 8.293356858739013E-4
963 2.9912929454061984E-4
964 7.204619410198602E-4
965 4.923911783655391E-4
966 1.8820477992777208E-4
967 6.285604721203742E-4
968 7.785645950208838E-4
969 5.800446974386424E-4
970 7.071006756405631E-4
971 5.421967109982416E-4
972 8.385094537007095E-4
973 6.225678732737929E-4
974 1.6838148636688616E-4
975 8.47988857873579E-4
976 6.430512745536163E-4
977 1.9036786922562454E-4
978 7.572357322720287E-4
979 7.469785542891789E-4
980 6.843992865810863E-4
981 5.59387043578296E-4
982 9.802246540282047E-4
983 6.393271005974988E-4
984 2.2467232890238073E-4
985 7.977155311482075E-4
986 0.001744354246097538
987 6.712181802511118E-4
988 8.165797882367358E-4
989 8.581840925108419E-4
990 8.48027116089394E-4
991 6.502070344340703E-4
992 6.805604120199958E-4
993 6.305305027986423E-4
994 6.225678732737929E-4
995 7.42180873889507E-4
996 7.003739266934111E-4
997 7.785270272934002E-4
998 7.104060259342998E-4
999 5.477093675774951E-4
1000 8.689012188094074E-4
1001 4.395221980123633E-4
1002 1.7637499313913766E-4
1003 9.52332613341797E-4
1004 6.734332336254714E-4
1005 6.712812914517497E-4
1006 7.887687446891578E-4
1007 1.636901047181926E-4
1008 2.4600509825092783E-4
1009 5.286872500435929E-4
1010 2.632635572040788E-4
1011 8.34313478669183E-4
1012 4.99340673987065E-4
1013 7.508032052112944E-4
1014 5.952403102831866E-4
1015 5.78041237994003E-4
1016 4.557236708764133E-4
1017 4.5005840345478437E-4
1018 7.140323694436495E-4
1019 9.627058702518018E-4
1020 6.225678732737929E-4
1021 8.650219457993347E-4
1022 7.043148848923318E-4
1023 9.338622360755714E-5
1024 6.511621046310121E-4
1025 3.8145152104647484E-4
1026 3.7575500827311805E-4
1027 4.393114176069121E-4
1028 1.926873657079612E-4
1029 7.270186815970118E-4
1030 4.771430177405772E-4
1031 7.772297118525528E-4
1032 4.996503105671396E-4
1033 3.148742392163585E-4
1034 5.33361210120684E-4
1035 6.991087711830557E-4
1036 7.502658150918166E-4
1037 9.014950180726436E-4
1038 6.942470079003783E-4
1039 3.2773180730727284E-4
1040 7.092494191896696E-4
1041 8.285686810006591E-4
1042 2.318451532653362E-4
1043 5.04607074148285E-4
1044 9.338622360755714E-5
1045 4.3730481574498714E-4
1046 9.338622360755714E-5
1047 7.232081031497926E-4
1048 7.65524878882132E-4
1049 5.861877342635031E-4
1050 9.753371836040893E-4
1051 7.745747461244211E-4
1052 2.9582042115827814E-4
1053 9.338622360755714E-5
1054 9.005405156842549E-4
1055 8.448011927885521E-4
1056 8.092882422661038E-4
1057 5.370694642175454E-4
1058 6.387380819432875E-4
1059 3.774922049217173E-4
1060 9.516505502129447E-4
1061 6.34154715966831E-4
1062 7.414263073033416E-4
1063 6.538129970156855E-4
1064 5.024752337240611E-4
1065 6.012892095410321E-4
1066 3.273074268755755E-4
1067 8.662858573179021E-4
1068 8.25492683012808E-4
1069 5.414309752317814E-4
1070 3.321622098645829E-4
1071 4.1252023710174794E-4
1072 9.675020685575055E-4
1073 4.7278868681612717E-4
1074 6.789398791952449E-4
1075 7.296150457458429E-4
1076 3.752584478805937E-4
1077 1.230956718238441E-4
1078 4.465574592182333E-4
1079 2.959379598192638E-4
1080 4.6669933005120354E-4
1081 6.73948437111268E-4
1082 3.796908786576943E-4
1083 7.652812337881939E-4
1084 2.2560845847350132E-4
1085 6.793904384466158E-4
1086 6.094135993059227E-4
1087 5.067822049845349E-4
1088 6.060978891193404E-4
1089 3.419121806984211E-4
1090 5.226302719364032E-4
1091 9.623587669750639E-4
1092 3.066403916989765E-4
1093 3.42211029823296E-4
1094 7.368157044985494E-4
1095 8.078670228724687E-4
1096 7.410555758041758E-4
1097 8.016458578842247E-4
1098 7.538836826614625E-4
1099 8.892865053961531E-4
1100 7.993917297277972E-4
1101 6.343087481714573E-4
1102 7.634479422348791E-4
1103 2.4239172480944348E-4
1104 3.116056490982402E-4
1105 7.162705073712976E-4
1106 6.19135257227732E-4
1107 2.7836534971146333E-4
1108 7.665886156862518E-4
1109 5.439234854923014E-4
1110 2.1428056284513754E-4
1111 5.428809253832848E-4
1112 4.909893673809611E-4
1113 6.860387864527515E-4
1114 4.0913909872328507E-4
1115 6.412832818314823E-4
1116 6.078971014784213E-4
1117 7.184433695557718E-4
1118 5.065869362697057E-4
1119 6.811791987903641E-4
1120 7.114338427931714E-4
1121 2.0441128584970257E-4
1122 4.4432714944417985E-4
1123 6.498411965234664E-4
1124 6.722453153574359E-4
1125 7.37925637572435E-4
1126 5.02881369408472E-4
1127 8.424284639087626E-4
1128 1.2278482317274966E-4
1129 7.896929492563815E-4
1130 4.49217415291412E-4
1131 7.59588629262206E-4
1132 8.540771087615247E-4
1133 8.201343145916718E-4
1134 5.653941069102844E-4
1135 7.572706822373942E-4
1136 7.348883470615565E-4
1137 2.3947644759962058E-4
1138 4.6498313259502624E-4
1139 4.7774725355974687E-4
1140 3.6107203923710384E-4
1141 6.321994057494789E-4
1142 1.436654584430404E-4
1143 7.2874204176694E-4
1144 0.0010014730703714766
1145 8.418931406469696E-4
1146 4.664593907473479E-4
1147 4.42788569437716E-4
1148 6.251679439930281E-4
1149 5.203019877244508E-4
1150 4.962428607611191E-4
1151 5.618083013761792E-4
1152 9.016842161485961E-4
1153 3.380386806272596E-4
1154 3.034205588878136E-4
1155 7.396358850152636E-4
1156 6.222773434600444E-4
1157 7.89259155631123E-4
1158 8.369580961858196E-4
1159 8.086137359214943E-4
1160 6.83196132656411E-4
1161 7.295264259886293E-4
1162 7.366459061943146E-4
1163 6.883969802972463E-4
1164 9.338622360755714E-5
1165 5.070071225757755E-4
1166 9.338622360755714E-5
1167 8.419307594590655E-4
1168 3.4788359346804077E-4
1169 7.350055117110885E-4
1170 2.5905946248347205E-4
1171 8.347301272581257E-4
1172 8.429997371516586E-4
1173 4.8162665385651946E-4
1174 5.187643404656192E-4
1175 7.674437792230633E-4
1176 6.175270443082906E-4
1177 5.439345408602518E-4
1178 5.450353030737354E-4
1179 9.338622360755714E-5
1180 9.850735616251944E-4
1181 4.4214845830190886E-4
1182 3.781863461495866E-4
1183 6.66386709808038E-4
1184 4.837173133437835E-4
1185 5.816133936613358E-4
1186 8.570048755692576E-4
1187 6.327684267199837E-4
1188 5.543353424071135E-4
1189 8.398271981353433E-4
1190 9.551935087025605E-4
1191 6.225678732737929E-4
1192 9.950866543676865E-5
1193 8.031600537115783E-4
1194 0.0010170249184919724
1195 7.138266595580759E-4
1196 4.8819961373219726E-4
1197 6.972870370309666E-4
1198 9.034819196756594E-4
1199 9.892330750983119E-4
1200 4.2388946100115765E-4
1201 7.436593654168031E-4
1202 5.947740197557107E-4
1203 5.991562674552295E-4
1204 8.545724523425671E-4
1205 7.502903729893476E-4
1206 2.1403289337326915E-4
1207 6.220542311199203E-4
1208 9.113813129447984E-4
1209 6.688620478199125E-4
1210 5.627996937316002E-4
1211 6.022418556447969E-4
1212 9.57611130157153E-4
1213 9.338622360755714E-5
1214 3.5044097582359867E-4
1215 1.729197669590638E-4
1216 6.006529384869863E-4
1217 4.224361881411863E-4
1218 5.528943606048654E-4
1219 2.2037336132120435E-4
1220 1.9349105372254525E-4
1221 3.4011406898891487E-4
1222 3.69456691439073E-4
1223 2.632635572040788E-4
1224 6.038835153827145E-4
1225 5.014790727454297E-4
1226 6.475343771189633E-4
1227 5.241060724249935E-4
1228 9.076792744117945E-4
1229 6.068459765959085E-4
1230 5.60834220315554E-4
1231 5.416017193260914E-4
1232 9.524088588451767E-5
1233 7.215060853876353E-4
1234 7.646953723791079E-4
1235 1.578527067093628E-4
1236 3.135052271412015E-4
1237 7.452726529640502E-4
1238 4.978008094232527E-4
1239 8.970076155394942E-4
1240 2.690778976365368E-4
1241 7.26454422827821E-4
1242 7.048935441563222E-4
1243 6.653699495766814E-4
1244 5.781563508894134E-4
1245 8.077303594309532E-4
1246 3.093522073277169E-4
1247 7.260750677433338E-4
1248 6.366345642846557E-4
1249 6.910878441984106E-4
1250 8.738305823491286E-4
1251 6.87833971885511E-4
1252 7.87074110578993E-4
1253 6.554155117349892E-4
1254 6.132818390410101E-4
1255 7.677526224938259E-4
1256 7.157391876814357E-4
1257 8.868306324617692E-4
1258 7.373143847064748E-4
1259 4.904911510141812E-4
1260 7.031236214967619E-4
1261 4.589773803448312E-4
1262 4.8784893475349085E-4
1263 4.501996959265147E-4
1264 8.791188591946336E-4
1265 3.434925928209212E-4
1266 9.338622360755714E-5
1267 6.726839930276987E-4
1268 8.157920114727795E-4
1269 7.882244348035609E-4
1270 6.183852777341805E-4
1271 6.494817831745026E-4
1272 5.671778574717782E-4
1273 6.755359761331498E-4
1274 8.230901890000442E-4
1275 7.626078243026542E-4
1276 6.790240735066558E-4
1277 9.683085072430805E-4
1278 3.6103148552383364E-4
1279 7.549177770379356E-4
1280 3.2616848146073423E-4
1281 5.787153546108604E-4
1282 4.1294553351539236E-4
1283 5.807882666959896E-4
1284 4.634394423657891E-4
1285 7.282554106289832E-4
1286 7.773514306954144E-4
1287 5.783100641108786E-4
1288 6.383949393374426E-4
1289 6.52950605876285E-4
1290 4.6103307787922815E-4
1291 6.660723900934611E-4
1292 7.71051068047752E-4
1293 7.352336339710268E-4
1294 3.869492593729643E-4
1295 6.071295489753193E-4
1296 8.462068079654852E-4
1297 8.625449472079372E-4
1298 8.08718990760295E-4
1299 5.393537059044304E-4
1300 5.617736521803146E-4
1301 3.285314426443144E-4
1302 7.802378575024889E-4
1303 4.245399776162146E-4
1304 5.609803676420777E-4
1305 4.286185422649538E-4
1306 8.498308130423069E-4
1307 4.339412043280115E-4
1308 7.328685257815915E-4
1309 7.952157992958384E-4
1310 3.674048766280716E-4
1311 5.450717245728279E-4
1312 6.046876305798338E-4
1313 2.5044580292901095E-4
1314 8.979928725549292E-4
1315 4.427721280980061E-4
1316 5.088690229987292E-4
1317 3.9055495010122685E-4
1318 4.88633529115185E-4
1319 5.315206160413788E-4
1320 8.298591501177642E-4
1321 4.8289089329026964E-4
1322 6.368021891407077E-4
1323 3.403924043697168E-4
1324 6.192322065632892E-4
1325 9.338622360755714E-5
1326 3.980985088138371E-4
1327 6.340517920621241E-4
1328 8.551210484758326E-4
1329 4.97302253847671E-4
1330 3.8648265112043557E-4
1331 9.155573674032472E-4
1332 5.318959307917955E-4
1333 8.910725975628197E-4
1334 6.66935006780599E-4
1335 7.025413660037281E-4
1336 7.00694079033756E-4
1337 7.915108568230019E-4
1338 1.2954740131326833E-4
1339 6.354064719451298E-4
1340 9.338622360755714E-5
1341 8.356884671110815E-4
1342 1.894770119082362E-4
1343 7.594145675393677E-4
1344 4.652886824720601E-4
1345 6.776437801328786E-4
1346 8.650987404828295E-4
1347 2.7429120406714195E-4
1348 8.158745739777265E-4
1349 3.133411356629533E-4
1350 2.880157080012782E-4
1351 5.770455158380683E-4
1352 8.93739801587584E-4
1353 8.550477831727779E-4
1354 6.303526498272026E-4
1355 7.491227299892014E-4
1356 3.8300128879017954E-4
1357 5.416986551327165E-4
1358 6.985588129392711E-4
1359 9.338622360755714E-5
1360 5.193692870094405E-4
1361 5.154463189249495E-4
1362 8.378890931297439E-4
1363 5.875611524676643E-4
1364 8.954393580737164E-4
1365 7.534641335234435E-4
1366 5.706375642274879E-4
1367 6.796386111103912E-4
1368 6.225678732737929E-4
1369 7.28946698988306E-4
1370 9.338622360755714E-5
1371 4.1317690181869596E-4
1372 4.833540740939507E-4
1373 5.356034154076385E-4
1374 6.500806735109246E-4
1375 9.853716645164903E-4
1376 8.715148278303222E-4
1377 8.249974521033572E-4
1378 4.4149081128421917E-4
1379 2.5062210200794006E-4
1380 5.47198199286231E-4
1381 3.543235384970888E-4
1382 7.641440886914567E-4
1383 5.756352858432124E-4
1384 8.789321386473539E-4
1385 8.139615924737243E-4
1386 4.6731837700437947E-4
1387 4.2902152571398127E-4
1388 5.991732504873438E-4
1389 7.125561801069023E-4
1390 9.215000375259081E-4
1391 7.750810135701579E-4
1392 4.489284325880073E-4
1393 3.892027553636355E-4
1394 8.69951290682943E-4
1395 8.217214981675607E-4
1396 9.338622360755714E-5
1397 6.602156855420129E-4
1398 6.498915571794056E-4
1399 4.1075347346197696E-4
1400 7.237781104254588E-4
1401 2.4600509825092783E-4
1402 7.758196490040704E-4
1403 5.038167628592532E-4
1404 7.336061808919676E-4
1405 6.612192648853435E-4
1406 7.683654732259376E-4
1407 8.140475593481034E-4
1408 7.917898480298547E-4
1409 3.271039559427186E-4
1410 9.631220299926632E-5
1411 6.109372907503741E-4
1412 7.950877763957781E-4
1413 6.992586873015739E-4
1414 9.338622360755714E-5
1415 3.531337721276028E-4
1416 3.403924043697168E-4
1417 6.465542790388643E-4
1418 4.973266949872597E-4
1419 1.9001325335662891E-4
1420 8.429870289496905E-4
1421 5.091794289972793E-4
1422 6.693476971387452E-4
1423 6.689220926453625E-4
1424 6.914541765464461E-4
1425 2.4813061528431693E-4
1426 9.338622360755714E-5
1427 7.780508609195121E-4
1428 9.338622360755714E-5
1429 8.701763000519439E-4
1430 8.255124709030291E-4
1431 4.79613725755171E-4
1432 5.17506875067163E-4
1433 4.0841204959465085E-4
1434 5.355069517881439E-4
1435 7.054313942890146E-4
1436 8.724747056698455E-4
1437 6.294499656676098E-4
1438 7.173603387722838E-4
1439 6.097959315850241E-4
1440 6.0604542639895E-4
1441 8.784490838264183E-4
1442 7.913036817748138E-4
1443 8.802141045651518E-4
1444 7.41866481226449E-4
1445 0.0010320849468089391
1446 8.051970927980444E-4
1447 6.175450690886306E-4
1448 3.910534449670926E-4
1449 3.215367393613805E-4
1450 8.065761515875207E-4
1451 9.219884485649777E-4
1452 6.820124510718437E-4
1453 7.292917542020529E-4
1454 4.540919334485324E-4
1455 5.389645583640743E-4
1456 7.474708947439772E-4
1457 8.733073594023197E-4
1458 6.619291073787023E-4
1459 5.747297411162434E-4
1460 5.335460822086217E-4
1461 7.645514396624995E-4
1462 5.306885036616357E-4
1463 5.773921252292984E-4
1464 6.08318110984849E-4
1465 7.952734209121413E-4
1466 6.645140449975052E-4
1467 3.481919979998979E-4
1468 8.355874415019198E-4
1469 6.549769521239937E-4
1470 7.002054615980191E-4
1471 5.224328222831113E-4
1472 2.0968878225182254E-4
1473 6.898144068408872E-4
1474 6.225678732737929E-4
1475 9.760662115920382E-4
1476 8.217214981675607E-4
1477 6.666754311008705E-4
1478 8.049321140362971E-4
1479 5.498149317149928E-4
1480 4.7068103944097043E-4
1481 7.568297120789673E-4
1482 7.755856228728119E-4
1483 5.155638657469067E-4
1484 8.549543189968616E-4
1485 7.356103098666935E-4
1486 9.338622360755714E-5
1487 6.781524286900845E-4
1488 4.171610149681846E-4
1489 7.642300613836093E-4
1490 9.992810963496304E-4
1491 1.9880120568543615E-4
1492 6.373856052591135E-4
1493 6.077920822881889E-4
1494 5.927807010414312E-4
1495 7.769938318804632E-4
1496 5.671778574717782E-4
1497 5.342001331362097E-4
1498 4.1963942038763104E-4
1499 1.6736646518201081E-4
1500 4.7522517406292436E-4
1501 7.577619183906719E-4
1502 5.691957090976555E-4
1503 7.103156966080182E-4
1504 6.256748983899574E-4
1505 9.338622360755714E-5
1506 7.40374651497105E-4
1507 1.997414722128955E-4
1508 7.468104274641611E-4
1509 9.549153136314738E-4
1510 3.653667548989951E-4
1511 8.413997584478667E-4
1512 7.757483491711831E-4
1513 6.961012337392519E-4
1514 3.193757308112217E-4
1515 6.536195793926203E-4
1516 4.0309425223731843E-4
1517 9.16943797076485E-4
1518 4.089665392947852E-4
1519 5.515924856645038E-4
1520 6.82148800542685E-4
1521 5.374489774453209E-4
1522 2.789426966979762E-4
1523 6.201499540637225E-4
1524 5.35955034808886E-4
1525 7.244317459642905E-4
1526 5.801552063493388E-4
1527 5.988631436362301E-4
1528 6.685468240810313E-4
1529 8.388415254186613E-4
1530 7.616642085301484E-4
1531 4.2979267714166703E-4
1532 1.0464239805879913E-4
1533 4.251375613350518E-4
1534 6.683636907316011E-4
1535 7.559406497939842E-4
1536 7.86188113988855E-4
1537 7.868752416966577E-4
1538 5.911774762026405E-4
1539 6.354434062930318E-4
1540 7.34538844097605E-4
1541 7.559694325723646E-4
1542 5.215867892582662E-4
1543 4.898974937547183E-4
1544 7.338059901941155E-4
1545 5.671778574717782E-4
1546 7.998501357379062E-4
1547 9.045819365471103E-4
1548 4.742575883294614E-4
1549 9.515629517400085E-4
1550 5.166309470810595E-4
1551 7.524580150467871E-4
1552 6.755579383262142E-4
1553 2.7132525600969933E-4
1554 7.309220266536691E-4
1555 8.052295045932292E-4
1556 8.871792800371959E-4
1557 3.432210499427635E-4
1558 6.379617696698815E-4
1559 1.0321312241645019E-4
1560 4.6864932621613203E-4
1561 3.1153237039995333E-4
1562 7.816106993525451E-4
1563 7.638919870560024E-4
1564 6.291354496273865E-4
1565 6.56610007510572E-4
1566 5.792925984116097E-4
1567 6.275339693814575E-4
1568 1.3193922590232996E-4
1569 4.945484143371386E-4
1570 6.493095089586059E-4
1571 6.599964076690165E-4
1572 7.63083082572849E-4
1573 9.176242464453306E-4
1574 4.043819422569026E-4
1575 3.1844449687557104E-4
1576 4.785031007982082E-4
1577 5.493843635805884E-4
1578 7.15122167746445E-4
1579 9.775649332684664E-4
1580 9.338622360755714E-5
1581 8.173681336743166E-4
1582 1.1487042605316135E-4
1583 7.057773217526473E-4
1584 2.668249153924385E-4
1585 5.074558308333362E-4
1586 5.166011258223304E-4
1587 5.839183898934602E-4
1588 8.510464357974582E-4
1589 3.8965452429231943E-4
1590 3.463884626481018E-4
1591 8.142962716973057E-4
1592 8.729029832949165E-4
1593 5.25400095681548E-4
1594 8.824290824107775E-4
1595 7.012228303132738E-4
1596 1.1151853095205058E-4
1597 7.075608114962337E-4
1598 8.284553052364217E-4
1599 9.741358859061623E-4
1600 5.26303670896341E-4
1601 2.716811766782707E-4
1602 3.194752057880886E-4
1603 3.8406855017587E-4
1604 8.477126699769692E-4
1605 4.8788187061810773E-4
1606 4.785570666485323E-4
1607 5.794090288326795E-4
1608 6.834309661190739E-4
1609 5.454866643581234E-4
1610 3.954542226798589E-4
1611 6.919278260718132E-4
1612 5.649551319350079E-4
1613 7.432648488744889E-4
1614 7.000488170199794E-4
1615 8.420112404031838E-4
1616 7.238407907062509E-4
1617 4.433988488931243E-4
1618 6.766599770621998E-4
1619 9.181827749300895E-4
1620 7.429674483061551E-4
1621 8.9315640071758E-4
1622 8.351937882753953E-4
1623 7.690495316192357E-4
1624 8.899227776394482E-4
1625 7.419082683927696E-4
1626 8.346238105739966E-4
1627 8.101252000997538E-4
1628 5.991525806800236E-4
1629 2.0669586551423267E-4
1630 9.125977884893392E-4
1631 4.0772645305643375E-4
1632 9.338622360755714E-5
1633 4.8648078495405945E-4
1634 6.055751472343716E-4
1635 2.8984928949443364E-4
1636 1.0545888258886222E-4
1637 9.338622360755714E-5
1638 5.23125177263662E-4
1639 4.1524835859398676E-4
1640 2.1688681070858453E-4
1641 4.5371861472723687E-4
1642 1.647130881015789E-4
1643 4.881423723394161E-4
1644 7.009741452788813E-4
1645 7.644449571972817E-4
1646 4.990351987403637E-4
1647 2.3996494274804142E-4
1648 7.672693558387164E-4
1649 5.044500183476271E-4
1650 6.285787304256805E-4
1651 7.263593518605619E-4
1652 7.259683352574789E-4
1653 7.927806000555996E-4
1654 7.838145714453279E-4
1655 7.176982021867681E-4
1656 3.9043109672435655E-4
1657 7.099522479660106E-4
1658 5.982336096831126E-4
1659 5.0924293012304E-4
1660 4.1138719532176585E-4
1661 5.914594667701601E-4
1662 1.9946310542077176E-4
1663 9.338622360755714E-5
