0
1 1221 899 322 698 1305
2 468 520 1235 57 1419
3 256 1602 343 194 197
4 476 1338 908 751 977
5 1589 524 1656 1263 650
6 362 519 130 547 737
7 125 605 367 1206 320
8 256 1602 322 698 1305
9
10 1206 740 477 289 868
11 860 487 1092 286 1200
12 881 738 1087
13 1584 752 634 1575 1356
14 476 1121 1028 1220 1042
15 1347 561 717 879 1522
16 1342 380 853 1392 249
17 1221 1294 322 490 1284
18 1448 1631 746 995 1006
19
20 343 194 197 145 813
21 143 1350 1033 517 38
22 289 1221 1433 899 310
23 894 1154 109 1467 152
24 1220 740 631 557 1561
25 1602 1393 1305 409 593
26 1584 752 634 1575 13
27 1568 284 747 164 1026
28 1602 1467 1393 1282 1326
29
30 60 1235 1110 320 399
31
32 39 886 343 584 1533
33 1142 1206 1647 55 232
34 57 1142 1206 320 399
35 1602 343 1282 1326 1284
36 1323 1416 1629 1371
37 1066 1467 1393 1282 322
38 1491 1640 561 717 200
39 374 859 1170 640 1137
40 373 355 399 1601 372
41 1154 109 1467 419 152
42 638 1610 1114 151 614
43 1025 419 197 1307 328
44 1662 561 1379 954 1449
45 1642 1499 1491 1640 1662
46 125 364 320 1584 1236
47 1206 634 477 240 1510
48 1153 369 39 886 422
49 1349 1491 1640 984 1347
50 164 1602 343 194 1025
51 468 520 60 57 1419
52 714 1585 746 1006 910
53 1142 1028 112 1246 591
54 1220 1084 740 1240 631
55 57 66 477 1610 151
56 860 1219 99 1371 1039
57 60 1419 590 1647 55
58 239 1584 752 634 1575
59 286 1488 1480 1138 503
60 57 1419 364 590 1610
61 634 13 66 483 240
62 1602 343 584 194 121
63 1635 109 152 1393 1282
64 1154 1467 322 1284 713
65 1640 984 561 431 1379
66 1235 1647 55 112 477
67 859 1170 640
68 740 1221 899 1467 322
69 401 320 1584 752 634
70 1236 1168 1138 582 614
71 1220 1647 740 631 372
72 752 634 13 240 289
73 986
74 902 894 631 128 1066
75 1140 880 207 1475 1212
76 617 341 1226 744 1144
77 1221 899 322 698 1305
78 1236 582 162 1181 368
79 771
80 1531 397 1147 317 904
81 478 1564 315 1225 214
82 315 81 216 497 388
83
84 860 487 1081 134
85 447
86 634 289 285 1221 899
87 343 419 1307 701 409
88 558 860 966 487 1107
89 320 1584 1575 1052 13
90 1282 1284 1305 1080 328
91 1092 286 1168 1488 1480
92 625 1640 1662 984 431
93 740 289 1221 899 310
94 364 320 1584 590 1236
95 1066 1154 109 419 152
96 406 635 1219 99 1371
97
98 531 1313 286 1045 1138
99 756 1219 1107 1078 1200
100 1499 1170 1349 1491 1137
101 1084 557 1635 128 1066
102 605 752 1575 55 1052
103 752 634 13 477 240
104 861 179 495
105 783 819 1434 1567 1287
106 1168 1488 1045 1138 582
107 640 1137 1347 717 879
108 558 860 966 487 1039
109 1582 476 1338 908 751
110 796 552 1313 590 1045
111 286 1488 1480 1045 1138
112 1121 1028 1647 372 232
113 752 634 1052 13 240
114 40 1042 1601 740 1240
115 60 57 552 590 1045
116 373 520 401 1121 1028
117 1559 1215 562 870 312
118 966 1039 1107 1092 1078
119 796 552 364 1313 590
120
121 1137 1347 1103 963 1153
122 1491 1640 984 561 717
123 1033 38 284 164 1026
124 1028 40 1206 320 1042
125 162 697 1643 1418 1366
126 343 328 48 1641 593
127 1236 1356 483 582 162
128 378 562 977 1220 312
129 239 752 634 1052 13
130 362 679 519 547 737
131 1092 286 1200 1488 1480
132 1347 1103 963 1153 878
133 936 1233 1490 433
134 84 1092 286 1168 1488
135 1642 1499 902 1215 562
136 1467 419 1326 1261 1307
137 1042 631 591 1079 289
138 397 317 216 904 1231
139 39 886 1603 343 1071
140 966 1039 1107 1092 1078
141 1200 1488 1480 503 339
142 1305 328 1318 354 1316
143 1491 1640 561 717 431
144 977 1220 430 1084 740
145 1137 1347 1522 330 1103
146 591 1635 128 1066 1154
147 1647 477 868 1433 1498
148 552 364 367 590 638
149 756 406 635 1219 99
150 322 713 1318 384 593
151 1419 1110 367 399 1601
152 1338 908 751 977 1220
153 1568 1084 1635 164 1310
154 312 431 1084 631 1350
155 487 1092 1168 1488 1480
156 181 1475
157 634 740 1079 289 285
158 1559 1128 1215 562 870
159
160 1568 1033 900 164 1026
161 320 66 151 368 446
162 125 1584 1575 1052 1356
163 1531 397 1147 317 904
164 431 954 1350 284 747
165 164 1025 1310 152 1393
166 1103 934 39 886 357
167 344 1288 559 532
168 1647 740 112 477 1635
169 1647 1154 1467 1393 322
170 468 60 1235 57 1419
171 1602 343 1305 328 701
172 1602 197 409 845 946
173 364 401 367 399 1601
174 1154 109 1467 1393 322
175 1028 1042 740 1240 631
176 1154 1467 1393 1307 713
177 1350 1033 517 38 284
178 1467 1393 322 1326 1303
179 104 495
180 256 1602 343 1326 1305
181 156 336 980 1309 207
182 1584 1575 1356 483 162
183 1602 322 1305 328 1659
184 286 1488 1480 1045 1138
185 1221 899 322 698 1305
186 634 740 289 285 1221
187 1168 162 1181 385 697
188 1472 362 679 783 891
189 1142 1206 1647 634 740
190 1168 1488 1480 503 1149
191
192 1635 109 1310 152 1393
193 1103 39 886 422 1602
194 1347 1153 369 39 886
195 164 1602 325 1025 1310
196 984 1347 717 879 1522
197 1103 1660 847 1372 845
198 1467 322 698 1305 713
199 312 1033 284 747 900
200 1170 1491 561 717 879
201
202 1220 1084 557 1635 128
203 552 364 605 367 590
204 328 48 1641 661 1073
205 1448 1631 995 1006 910
206 740 477 289 868 1221
207 885 75 880 336 181
208 977 1635 1154 109 1082
209 1214 1531 1147 317 904
210 1662 984 431 1379 143
211 397 317 904 1109 1538
212 524 1656 819 1434 1567
213 1662 200 1093 934 369
214 16 1392 249 712 1569
215 1221 322 698 1305 328
216 1225 81 497 939 266
217 902 1215 562 870 312
218 1635 109 1467 1310 152
219 256 1602 343 194 328
220 936 433
221
222 1103 369 39 886 357
223 1142 605 752 634 1575
224 1103 747 900 164 1602
225 318 605 1584 752 1236
226 966 1219 99 1371 1039
227 1028 40 1042 430 1240
228 1602 1393 1282 1284 1305
229 1079 289 1221 1602 310
230 1142 401 1028 40 355
231 125 320 1584 590 1236
232 1419 1121 1028 40 355
233 1409 877 1445
234 1602 1467 1393 1282 1284
235 476 977 1121 1220 430
236 783 188 819 891 1287
237
238 1230 81 388 939 266
239 483 697 899 381 1366
240 318 605 1584 752 634
241 1092 1168 1488 1480 503
242 406 635 1219 99 1371
243 1419 401 1110 367 320
244 1356 483 582 162 943
245 696 1103 1301 1070 934
246 320 1584 752 634 1052
247 984 696 200 1103 963
248 286 1168 1488 1480 1045
249 456 1415 1182 853 16
250 1222 1439 105 212 662
251 1499 1170 1349 1491 1640
252
253 1642 1499 1491 1640 1662
254 751 1028 1220 1042 430
255 431 747 900 164 325
256 343 698 1649 1373 1494
257 1602 1393 1303 1307 328
258 289 285 1221 899 310
259 1602 584 194 121 197
260 431 954 1350 747 900
261 1045 1138 582 162 943
262 1349 1137 1347 561 717
263 478 315 1225 214 1230
264 625 1642 1499 1491 1640
265 558 860 966 487 1092
266 380 16 1265 1569 478
267 1602 343 194 121 419
268 286 1168 1488 1138 1149
269 1640 1662 984 561 717
270 1221 899 381 322 698
271 57 1419 40 355 1206
272 557 1561 1246 1635 128
273 1602 343 194 197 145
274 594 605 1236 1575 638
275 430 740 1240 631 1104
276 1602 343 194 121 419
277 1330 1437
278 893 618 1471 383 1558
279 468 60 1235 57 1419
280
281 476 109 1467 419 1393
282 1221 899 1467 310 322
283 747 900 164 109 1026
284 625 1642 1491 1662 312
285 1584 752 634 1575 13
286 1138 1149 1586 1566 1628
287 256 343 328 1641 593
288 1467 1082 1025 419 152
289 605 752 634 1052 240
290 1305 593 1073 1112 423
291 1002 1236 1575 638 13
292 256 1154 1602 1467 1393
293 966 99 1371 1039 1107
294 1640 431 1379 143 954
295 458 1313 1092 286 1168
296 558 860 966 487 1092
297 1338 908 751 977 312
298 1214 1531 1147 317 904
299 1280 654 858 618 1471
300 1103 886 1602 1603 343
301 1028 1220 1042 430 1084
302 1092 286 1200 1488 1480
303 143 1103 1350 1301 1153
304 419 1326 1284 1307 1080
305 487 1092 1078 1200 1488
306 1313 286 1168 1488 1045
307 285 1221 899 322 698
308 1079 289 285 1221 1516
309 1642 1499 1349 1491 1640
310 634 240 1510 446 1017
311 1142 1206 752 1647 634
312 1582 562 870 128 1033
313 1002 401 634 13 66
314 1215 1662 1033 1602 343
315 1265 636 1225 214 1230
316 605 367 320 1584 590
317 1531 397 1147 904 1231
318 1002 752 1356 240 614
319 312 431 143 954 1350
320 243 1315 391 592 509
321 343 194 197 847 328
322 446 285 1221 899 310
323 39 886 357 422 1603
324 1236 1168 1045 1138 582
325 1640 431 1379 143 954
326 870 1033 284 747 900
327 125 1206 1584 752 634
328 886 343 584 194 121
329 1221 899 322 698 1305
330 1170 640 1349 1491 1137
331 315 1225 1230 81 216
332 1206 55 1052 1104 66
333 1084 1635 164 1602 109
334 740 1240 631 557 1561
335
336 181 980 1309 207 1475
337 1313 286 1168 1488 1480
338 318 1002 1584 1168 1575
339 1107 1078 1200 1488 1480
340 561 431 143 954 1350
341 1226 744 76 1144
342 1559 1128 1499 1215 562
343 256 1602 194 145 847
344 167 559 532 869
345 561 200 1103 963 1301
346 605 752 1236 1168 1575
347 487 1092 286 1168 1488
348 431 954 1103 1350 878
349 1221 1305 328 154 1633
350 470 376 578 773 1242
351 317 216 388 904 1231
352 1662 1033 1026 707 1082
353 1168 1356 483 1045 1138
354 1103 1602 197 1305 328
355 373 520 751 1121 40
356 39 886 422 1602 1603
357 1347 717 1379 143 954
358 634 740 240 1079 289
359 1662 200 1103 1093 934
360 796 1313 590 1236 1045
361 1214 1531 397 1147 317
362 130 188 737 971 6
363 1602 1026 1317 707 1082
364 60 367 1045 1639 1027
365 634 13 240 1510 1079
366 616 1263 635 1039
367 364 151 1639 386 243
368 590 1017 1321 689 884
369 1170 640 1137 1347 717
370 125 1584 1236 634 1575
371 239 1206 752 634 1052
372 401 40 355 1042 430
373 40 355 591 1066 1278
374 1137 1347 39 886
375 1142 1602 1305 1659 1641
376 893 383 350 578 773
377 886 343 251 584 707
378 562 870 557 128 1066
379 574
380 16 1569 1564 636 1225
381 239 1584 752 634 1052
382 552 364 401 367 320
383 893 1558 376 1242 429
384 1647 55 477 868 899
385 1168 1181 560 59 969
386 796 60 552 364 1313
387 487 1092 1168 1200 1488
388 1265 636 315 1225 214
389 894 1154 152 1282 1080
390
391 468 520 1235 57 1419
392 1662 984 431 1379 143
393 1235 57 1419 1110 399
394 552 605 590 1236 1168
395 984 561 431 1379 143
396 286 1168 1488 1045 1138
397 1531 1147 317 904 1231
398 1142 1647 557 591 1635
399 1419 1110 1121 40 355
400 1142 446 289 223 322
401 1002 1042 1601 372 872
402 322 1318 593 1316 1073
403 1310 1393 1617 1122 1305
404 1103 1317 197 49 810
405 1103 1602 343 584 121
406 1532 1200 881 242 901
407 1206 55 1104 66 112
408 1154 1467 1282 698 1284
409 1025 1641 1069 1112 1403
410 886 1603 584 1533 194
411 1488 1045 1138 1149 1586
412 1410 1002 1236 1168 1575
413
414 1553 519 130 547 737
415 419 1307 701 1064 593
416 256 1602 1393 1305 1307
417 1154 1467 322 1303 698
418 1602 328 48 1641 405
419 707 1082 44 759 632
420 320 590 1236 1575 638
421
422 1170 640 1349 1137 1347
423 285 1221 899 1560 310
424 1602 343 194 197 1344
425 1121 1028 1220 1042 430
426 1103 934 369 39 1089
427 902 1568 1215 562 870
428 256 1602 343 1305 328
429 470 893 383 376 350
430 476 908 751 977 1121
431 625 1640 1379 143 954
432 562 870 312 431 954
433 220 936 133 1233 1490
434 1214 1531 397 1147 317
435 1313 1092 286 1168 1488
436 1647 740 631 1561 1246
437 902 1033 747 900 164
438 1221 322 698 1305 713
439 1640 984 561 717 879
440 1121 1028 40 355 430
441 289 1602 1467 1294 1310
442 590 1168 638 1045 1138
443 860 966 487 99 1371
444 1214 1531 397 1147 317
445 1154 1602 322 698 1305
446 1052 943 1017 1130 182
447 85
448 1390 495
449 740 631 128 1079 1066
450 468 401 1110 40 355
451 590 1045 582 162 943
452 1642 1499 1349 1491 1640
453 594 605 752 1236 1575
454
455 552 590 1045 1610 1114
456 1415 1182 853 1392 249
457 1236 1168 1575 1356 483
458 1138 1149 1586 1539 1273
459 1043 1038
460 1144
461 1499 1640 1662 984 561
462 397 81 216 388 904
463 894 1467 1326 1284 1307
464 1221 322 698 1305 1593
465 552 364 1313 286 590
466 1128 1084 1635 1025 1310
467 590 638 1045 1114 582
468 391 535 830 279 51
469 343 194 197 813 835
470 350 578 773 429 1175
471 1499 1491 1640 1662 984
472 1170 640 1349 1491 1137
473 1393 1303 1122 1307 409
474 631 1154 164 1294 1310
475 894 977 312 1084 1240
476 977 1121 1220 430 1240
477 57 1647 55 66 112
478 1182 853 16 1392 249
479 216 388 1109 1327 1538
480 1103 963 1153 878 369
481 1310 419 197 152 1326
482 401 40 367 1206 320
483 239 1584 634 1575 13
484 1662 1103 934 369 1089
485
486 594 401 605 1206 320
487 84 558 860 443 905
488 870 1033 900 343 1026
489 1313 1092 286 1236 1168
490 1338 751 977 1121 355
491 328 48 1318 1316 1073
492 328 701 409 48 1641
493 55 1052 483 162 1510
494 858 618 1471 383 299
495 861 448 179 104
496 143 1033 517 38 284
497 853 16 1392 249 712
498 322 490 1284 1305 713
499 1584 1356 483 582 162
500 977 1220 430 1084 740
501
502 1647 740 128 1066 1154
503 99 1092 1078 1200 1480
504 1033 38 1602 122 343
505 1232 1052 477 446 289
506 1110 1647 634 55 13
507 458 1313 286 1168 1488
508 320 590 1236 638 1356
509 60 1235 57 552 1419
510 1221 899 381 322 698
511 618 1471 299 1558 350
512 40 355 1206 1042 399
513 1142 1206 1647 55 1104
514 1347 717 879 1522 472
515 1153 369 39 886 422
516
517 561 717 879 1522 472
518 1602 1082 1025 419 197
519 1553 1222 130 547 737
520 1419 355 1639 1518 872
521 1635 1310 152 1393 1282
522 256 322 698 1305 713
523 740 631 557 1561 1246
524 1589 1263 650 5 1434
525 783 188 891 1287 1439
526 406 635 1219 99 1371
527 1254 1193 1445
528 1020
529 487 1092 1168 1488 1480
530 256 1602 197 1393 1282
531 1574 98
532 167 344 256 343 1318
533 1033 1082 1025 1310 419
534 1221 322 698 1196 1305
535 468 520 1235 1419 1110
536 285 1221 899 310 26
537 1128 1215 562 870 1662
538 256 1602 343 194 1305
539 431 1350 747 900 164
540 125 320 1584 1236 1575
541 1568 312 1084 631 747
542 558 860 966 487 1092
543 1235 1419 401 1110 367
544 431 954 1103 1350 878
545 1221 322 1305 328 48
546 605 1584 752 634 1575
547 519 130 737 1463 971
548 431 1379 143 954 1103
549 902 312 284 747 900
550 894 1084 557 128 1154
551 1221 322 1305 328 1659
552 590 1114 1027 1149 386
553 1033 1026 1082 1025 419
554 894 1326 1080 328 409
555 1602 343 1393 1326 1284
556 1602 1393 1303 698 1305
557 476 378 908 751 977
558 860 487 842 265 570
559 167 344 1467 698 713
560 1092 1078 1168 1200 1488
561 1491 717 879 1522 472
562 378 902 1215 870 312
563 1313 286 590 1488 1480
564 1647 477 440 1278 289
565 256 343 1305 328 409
566 520 1419 1121 1028 40
567 1662 561 200 1449 1350
568 552 364 605 367 590
569 517 900 1026 1317 325
570 558 860 966 487 1092
571 318 605 1584 1236 634
572 1602 343 194 197 328
573 1602 1026 1082 1025 1310
574 379
575 594 320 1236 55 66
576 984 696 1103 963 1301
577 636 315 1225 214 1230
578 470 376 350 773 1242
579 908 977 1220 1084 557
580 894 1326 328 154 1318
581 1568 1084 557 1635 739
582 1236 1168 1575 1356 162
583 1439 212 1029 662 929
584 640 1137 1347 879 1522
585
586 256 1602 343 194 197
587 1206 752 634 55 1052
588 561 517 38 284 747
589 1154 1221 899 1467 322
590 60 57 552 1610 1114
591 373 1121 40 355 1042
592 552 364 1110 367 320
593 1467 384 1134 270 873
594 1236 614 1017 1321 774
595
596 216 1231 1109 1538 1202
597 561 1522 696 472 200
598 1154 1467 1303 698 1196
599 1642 1491 1640 984 561
600 1042 752 634 55 1052
601 1647 477 1154 289 868
602 1140 995 910
603 1002 364 401 367 590
604 1602 343 1071 1026 584
605 752 1236 1575 1356 240
606 1393 1307 593 611 1316
607
608 1154 1221 322 698 1305
609 1025 1310 197 45 759
610 1584 1052 13 1356 483
611 908 751 977 1220 430
612
613 256 1154 1602 343 1305
614 318 594 1002 605 1236
615 1191
616 366 1589 1263 635 1039
617 76 1144
618 858 1471 299 1558 511
619
620 1168 1488 1045 1138 503
621 1393 322 1305 593 1316
622 1305 1454 154 405 354
623 756 406 635 1219 99
624 1128 1215 1662 984 431
625 1642 431 1350 1033 284
626 1154 1282 1326 1284 409
627 520 1235 1419 1110 1028
628 476 1647 477 1635 128
629 977 312 1084 631 557
630 125 1002 605 367 320
631 1240 1561 1246 128 1079
632 1642 1499 1491 1662 984
633 164 1602 1026 1082 1025
634 1584 752 13 1356 483
635 366 616 1589 1039 1200
636 1342 380 1265 1569 315
637 1142 1052 477 240 446
638 1114 151 1027 386 872
639
640 67 859 1170 1349 1137
641 1647 477 289 868 1221
642 1584 1575 1356 483 582
643 373 520 1419 401 1121
644 419 1307 701 409 1064
645 239 125 1584 752 634
646 925 1349 879
647
648 256 1154 1602 1467 343
649 487 1092 286 1168 1488
650 1401 1008 1589 524 1263
651 1662 984 696 200 1033
652 406 635 1219 99 1371
653 1154 1221 899 1467 322
654 1280 858 299
655 216 1231 1538 1202 1295
656 256 1221 322 698 1305
657
658 343 194 121 419 197
659 1215 562 870 312 1033
660 1142 740 631 240 1079
661 1347 561 472 330 963
662 1357 1439 1029 929 583
663 740 631 1561 1246 128
664 1584 638 1356 483 1045
665 984 1347 879 1522 696
666 740 631 128 1079 1066
667 1467 1026 1082 1025 1310
668
669 285 1221 899 310 381
670 1103 963 1153 1070 878
671 1236 1168 1045 582 614
672 986
673 1589 524 1656 1263 650
674 285 1221 899 310 381
675 1217 783 819 891 1434
676 256 1154 1602 1467 1393
677 1602 1305 328 1641 1318
678 520 57 1419 401 1110
679 743 130 188 766 1314
680 1235 57 1419 1110 1121
681 561 431 143 954 1350
682 1221 328 1318 593 1316
683 894 256 1154 1602 1282
684 1002 1236 1168 1575 638
685 354 1210 622 1216 629
686 796 552 364 1313 590
687 1647 740 557 128 1066
688 322 698 1305 713 1659
689 582 162 368 1321 182
690 378 894 977 1220 430
691 164 1602 343 1026 1317
692 594 1142 605 752 1236
693 605 752 1236 634 1575
694 1103 369 39 886 422
695 1338 908 751 977 1220
696 1491 1640 984 717 879
697 239 125 1584 1575 1052
698 256 899 1498 310 322
699 1168 1488 1480 1138 503
700 1602 343 1026 325 194
701 886 343 251 584 707
702 894 1154 164 1602 109
703 143 1350 1033 38 284
704 594 1002 1236 1168 638
705
706 590 1236 638 1045 1138
707 1170 1491 984 561 717
708 1214 1531 397 1147 904
709 520 401 1110 1028 40
710 634 289 285 1221 899
711 631 557 1635 1079 1066
712 456 1415 1182 853 16
713 1206 477 868 899 310
714 1590 1585 746 52 1457
715 1128 1662 984 696 1379
716 378 894 562 977 870
717 1170 1349 1491 1137 1640
718 520 1121 1028 40 355
719 870 431 1033 38 284
720 1568 312 431 631 747
721 1568 1084 557 1635 1154
722 1647 740 477 1221 899
723 558 860 966 487 1092
724 552 364 1110 367 399
725 1338 378 908 751 977
726 1602 343 707 1082 194
727 1602 1310 1305 409 1454
728 634 285 1221 899 310
729 1568 1215 562 870 312
730 1584 1575 1052 13 1356
731 289 285 1221 1378 899
732 125 605 320 752 55
733 1168 1356 483 582 162
734 1103 1070 934 369 39
735 1602 343 194 1305 847
736 1220 430 1647 740 1104
737 362 519 130 547 1463
738 12 756 406 635 1219
739 1338 378 908 751 1121
740 1561 128 1066 739 1278
741 1425 458 796 60 552
742 256 1602 343 197 1326
743 1472 679 891 1132 1257
744 341 1226 76 1144
745 343 194 419 197 1326
746 1590 714 1585 910 52
747 625 1128 431 954 1350
748 1474
749 679 188 891 1287 1357
750
751 1338 355 430 1084 1240
752 318 605 634 1575 13
753
754 986
755 1002 364 367 590 638
756 1415 1182 1219 99 1078
757 1206 320 752 634 55
758 1265 636 315 1225 214
759 1642 1499 1491 870 1640
760 590 1045 582 162 943
761 636 315 1225 214 1230
762 1313 286 590 1168 1488
763 1154 1221 1602 1467 322
764 1214 927 1295 434 1004
765 164 1025 1310 197 1307
766 679 891 1439 1251 6
767 973
768 216 1231 1538 927 1202
769 634 240 1079 289 285
770 256 1602 343 322 1305
771 79 1265 636 315 1225
772 239 125 1584 752 634
773 470 1558 376 350 578
774 594 605 590 1236 1610
775 1142 1028 1647 55 1052
776 1499 1215 1662 696 1379
777 1128 908 562 977 870
778 401 1110 605 40 367
779 740 1240 631 557 1561
780 256 343 1305 328 48
781 1168 1488 1045 1138 582
782 902 1568 562 870 312
783 1507 1217 188 891 1287
784 1221 899 322 698 1305
785 60 1235 57 1419 1110
786
787 1467 1393 1282 322 1617
788 1356 483 582 162 943
789 1522 200 1103 963 1153
790 256 1602 1393 490 1326
791
792 1603 343 584 707 325
793 1647 1104 112 477 1079
794 1074
795 1219 99 1371 1039 1107
796 1425 1313 386 1600 110
797 256 1602 343 197 1326
798 1236 1168 1488 582 614
799 594 605 320 752 1236
800 966 1313 1092 1078 1200
801 1467 419 1393 1307 409
802
803 1002 1584 1236 1168 1575
804 1128 1215 562 870 1662
805 164 1602 343 1026 325
806 1028 1220 1647 232 1514
807 1121 1647 740 1104 112
808 1142 1121 1028 40 1206
809 1066 1154 109 1467 1393
810 1640 984 561 717 431
811 1221 899 322 698 1305
812 1142 1206 1647 1052 1104
813 1137 1347 330 1103 963
814 256 1154 1467 322 698
815 1393 322 1284 713 1318
816 1028 1206 1647 372 232
817 966 1107 1092 1078 1200
818 1222 519 130 547 737
819 1656 650 1434 1567 1287
820
821 1128 562 870 312 1350
822 256 1602 343 194 197
823 1154 1602 1393 1326 1284
824 740 1221 899 1467 310
825 984 561 143 954 1449
826 373 378 894 977 355
827 1033 38 284 747 900
828 1602 1467 1393 1303 698
829 908 1568 1084 557 1635
830 468 1235 1419 1110 320
831 343 194 328 48 1073
832 1121 1028 1601 1647 1240
833 886 343 584 194 121
834 1154 1602 1467 322 1305
835 984 1347 879 1522 472
836 1066 1602 109 1393 1282
837 194 121 419 197 835
838 60 590 1045 1610 1114
839 1602 343 194 419 197
840 312 747 164 109 1310
841 1154 899 1467 322 1303
842 558 860 487 1107 1092
843 1128 1568 1215 562 870
844 1662 431 1379 143 954
845 143 1103 1301 1089 517
846 625 1662 984 431 1379
847 1137 1347 1522 472 330
848 1103 357 1602 1603 343
849 1467 1393 1282 698 1284
850 1584 1575 13 1356 483
851
852 1393 698 1305 1659 1318
853 456 1415 1182 16 1392
854 1499 1662 984 696 472
855 740 128 1079 1066 1154
856 125 1002 605 367 1206
857 1602 1467 1393 1303 1122
858 1280 654 618 1471 299
859 67 1170 640 1137 1347
860 84 558 487 56 1304
861 104 495
862 1154 1467 1307 713 409
863 1103 963 1153 878 369
864 458 1313 286 1168 1488
865 1568 1084 557 1635 128
866 1039 1107 1092 1078 1200
867 1142 1635 289 1076 1433
868 1235 57 1647 55 232
869 344 894 740 631 128
870 378 902 1215 562 312
871 894 631 557 1635 128
872 520 1235 1419 401 1110
873 430 740 1104 557 1561
874 1472 743 679 1222 188
875 1121 1028 40 355 1042
876 256 1602 343 584 194
877 233
878 1170 640 1349 1491 1137
879 1636 646 925 859 1170
880 75 207 1006 1475 1212
881 12 406 635 1219 99
882 894 1154 1602 1310 152
883 796 552 364 367 590
884 364 367 590 1045 1114
885 207 1475 1212
886 374 640 1137 1347 879
887 1582 1128 1338 902 1568
888
889 487 1092 1168 1200 1488
890 1028 1220 430 1240 631
891 1507 743 783 188 1287
892 1236 1168 1114 582 614
893 383 376 1242 429 1175
894 902 1215 1066 1154 1080
895 194 419 1326 1307 328
896 1154 1221 1467 1393 322
897 1215 870 1033 284 747
898 1313 590 1045 1138 1114
899 239 1584 1052 483 162
900 431 1379 954 1350 1033
901 406 635 1219 99 1371
902 894 1215 562 870 1066
903 517 38 284 747 164
904 1214 1531 397 1147 317
905 966 487 1092 1078 1200
906 256 1602 322 1305 328
907 285 1221 322 698 1305
908 430 1084 557 1635 739
909 1499 984 431 1379 143
910 602 746 995 1006 52
911 1103 963 1153 1093 369
912
913 1662 984 561 431 696
914 752 634 13 240 289
915 1221 1602 1305 328 1659
916 38 284 747 900 357
917 401 1110 320 399 1601
918 986
919 289 285 1221 899 310
920
921 1214 1531 397 1147 317
922 752 634 1575 13 483
923 1154 1467 1393 322 698
924 125 1002 364 605 367
925 646 1170 1349 879
926 966 487 1092 1200 1488
927 1230 388 939 266 1327
928 406 635 1219 99 1371
929 547 1357 1439 414 6
930 1240 631 1561 1246 128
931 1215 870 1662 984 431
932 1313 286 1488 1045 1138
933 1103 39 886 357 1602
934 1170 640 1349 1491 1137
935 1393 1307 1641 593 611
936 220 133 1233 433
937 634 240 1079 289 285
938 1484 1264
939 1265 478 1564 636 315
940 1103 1153 369 39 886
941 1313 286 1488 1480 1045
942 1103 1153 369 39 886
943 1584 13 1356 483 162
944 1235 1002 401 1110 367
945 1121 1028 1220 1042 430
946 1103 963 369 422 1602
947 737 1463 971 1357 1439
948 1313 286 590 1168 1045
949 1368 994
950 1206 320 1647 55 1052
951 364 401 638 1045 1114
952 13 285 1221 899 26
953 1545 1496 1272 1571
954 1349 1640 431 1379 143
955 369 39 886 422 1603
956 605 1584 752 634 1575
957 128 1066 109 1467 152
958 286 1168 1488 1045 1138
959 747 900 164 1026 325
960 458 1313 286 1168 1488
961 1214 1531 397 1147 317
962 81 216 388 1231 939
963 1170 640 1349 1137 1347
964 747 164 325 121 813
965 752 1575 13 1356 483
966 293 226 118 817 1493
967 1313 286 1480 1045 1138
968 590 1236 1168 1356 483
969 286 1168 1138 1149 1586
970 1084 631 557 1635 128
971 362 519 130 547 737
972 256 1602 343 194 419
973 767
974 1553 1463
975 343 1082 194 1025 419
976 594 605 1236 1168 1356
977 1582 476 430 1084 1240
978 1033 343 1026 251 707
979 38 900 422 164 1602
980 1387 336 181 1309 207
981 1647 1076 1498 1467 1393
982 1154 109 1025 1310 152
983 634 285 1221 1378 899
984 1559 696 1379 1093 1033
985 1079 164 1294 1310 1386
986 672 918 754 73 1484
987 1092 1488 1480 1045 1138
988 1026 1082 1025 1310 419
989 1028 1042 1647 740 631
990 256 1602 343 194 197
991 966 487 1092 1200 1488
992 1092 286 1488 1480 1045
993 1221 899 381 322 698
994 1368 949
995 1140 602 1006 910 205
996 1647 66 112 477 1079
997 908 1568 977 1220 430
998 558 487 1092 286 1168
999 1121 430 1647 740 1240
1000 343 419 197 1326 1307
1001 1193 1445
1002 318 401 614 1017 1321
1003 1602 1393 1282 1303 1284
1004 315 1225 214 1230 81
1005 1602 197 701 409 946
1006 1448 880 995 910 52
1007 1425
1008 1401 650
1009 1647 477 1635 1076 868
1010 1490
1011 125 364 367 320 1584
1012 756 406 635 1219 99
1013 1221 899 1467 322 698
1014 312 1084 1635 164 109
1015 125 1575 1052 13 1356
1016 1170 640 1349 1137 1640
1017 594 1002 66 614 368
1018 594 1002 605 1236 1168
1019 1154 1602 152 1282 1326
1020 528
1021 1221 1393 322 698 1305
1022 558 966 487 1092 286
1023
1024 320 1584 752 1236 1575
1025 561 1301 1033 1089 517
1026 625 1640 1662 431 1379
1027 552 364 399 590 638
1028 1042 232 1514 112 1246
1029 1553 130 547 737 1463
1030 406 635 1219 99 1371
1031 636 315 1230 81 216
1032 406 635 1219 99 1371
1033 1559 625 1128 1662 312
1034 312 284 747 325 152
1035 1584 1236 1575 1052 13
1036 419 152 1393 1326 1122
1037 1142 1206 752 1647 634
1038 1574 459 1043
1039 366 616 635 1107 1078
1040 286 590 1488 1480 1045
1041 1222 519 130 547 737
1042 401 1028 1601 372 1514
1043 459 1038
1044
1045 364 1313 1138 1149 1586
1046
1047 1142 1121 1028 1042 430
1048 740 1221 899 1467 310
1049 696 200 1103 963 1301
1050 894 740 1240 631 1104
1051 125 605 320 1584 590
1052 162 1510 446 697 289
1053
1054 740 128 1079 1066 1154
1055 1265 636 315 1225 214
1056 357 1602 343 584 325
1057 373 476 378 751 977
1058 1128 1215 562 870 1662
1059 1349 1491 1137 1640 1347
1060 1568 1084 1033 747 164
1061 552 364 1110 367 590
1062 819 1434 1567 1287 1260
1063 902 562 870 312 431
1064 1582 1128 1338 908 1568
1065 1584 1236 1168 1575 1052
1066 373 476 378 902 751
1067 1206 1647 740 631 112
1068 1393 1307 1080 1633 1064
1069 561 717 1522 472 200
1070 1170 640 1349 1491 1137
1071 1170 640 1349 1137 1640
1072 894 1602 109 152 1393
1073 343 328 674 270 1649
1074 794 1390
1075 1499 984 1347 561 717
1076 476 1121 1028 355 430
1077 1564
1078 1192 756 1219 99 1371
1079 1042 631 372 1246 591
1080 1582 902 1568 894 1215
1081 84 1092 286 1236 1168
1082 1662 561 200 143 1449
1083 1602 343 584 194 121
1084 1338 908 751 977 1240
1085 1220 1647 112 477 1635
1086 1002 1142 1206 752 634
1087 12 756 406 635 1219
1088 1092 1078 1200 1488 1480
1089 1349 1491 1640 984 561
1090 1347 1522 330 1103 963
1091 1602 197 152 1393 1282
1092 1078 503 1259 56 866
1093 1170 640 1349 1491 1137
1094 401 1110 320 1042 399
1095 1025 1310 152 1393 1326
1096 594 125 1002 401 605
1097 1154 1467 322 698 1284
1098 1033 517 38 284 747
1099 1647 1154 109 1467 1393
1100 1026 1082 1025 1310 419
1101 289 1221 310 223 322
1102 1305 328 1659 890 1318
1103 369 357 1603 584 1533
1104 1121 40 355 430 372
1105 1313 1092 286 1168 1488
1106 552 1313 590 1045 1138
1107 99 1371 1039 1078 1200
1108 547 737 1463 971 1357
1109 1214 1531 397 1147 317
1110 1235 399 393 1610 151
1111 1002 401 1110 1042 1601
1112 197 409 1641 1403 123
1113 520 1419 401 1110 1028
1114 552 590 638 151 1027
1115 1168 1488 503 339 1146
1116 594 605 1236 1168 1356
1117 1103 1602 1603 122 343
1118 520 401 40 355 1042
1119 1338 908 751 977 1220
1120 1214 1531 397 1147 317
1121 476 1419 355 430 399
1122 1338 908 751 977 1220
1123 343 251 707 194 419
1124 1220 1647 1635 109 1467
1125 1103 886 422 1602 1603
1126 60 1235 57 552 1419
1127 1028 1042 634 740 631
1128 1033 747 1064 843 777
1129 1448 1631 995 1006 910
1130 1584 1575 13 1356 483
1131 1568 747 164 1026 1317
1132 1507 743 1656 1217 783
1133 1602 1305 890 405 354
1134 1142 1647 1104 112 477
1135 796 60 552 364 1313
1136 594 125 1206 320 55
1137 374 859 1170 640 1349
1138 458 1313 286 1045 1184
1139 1347 879 1522 472 330
1140 602 75 995
1141 1206 128 1079 1066 1154
1142 692 223 1086 1527 33
1143 312 1084 631 284 747
1144 460 617 341 1226 744
1145 343 194 197 1326 328
1146 99 1371 1039 1107 1078
1147 1214 1531 397 317 904
1148 594 605 752 1236 1575
1149 458 552 1313 286 1480
1150 552 364 1313 590 1045
1151 1510 943 446 1130 868
1152 1026 194 1025 1310 419
1153 859 1170 640 1349 1491
1154 378 894 1215 977 1240
1155 322 713 1455 1151 593
1156 1093 369 39 886 357
1157 894 1602 343 194 1326
1158 1287 1260 673 1439 1251
1159 164 1025 1310 197 1305
1160 796 552 1313 286 590
1161 60 364 590 638 55
1162 673 1439 1251 105 212
1163 1206 1647 55 1052 1104
1164
1165 378 908 751 977 1121
1166
1167 594 1002 364 401 1110
1168 1236 1575 582 385 560
1169 1028 1042 1601 1647 372
1170 67 925 859 640 1349
1171 1326 1307 1080 701 409
1172 1217 819 891 1434 1567
1173 1121 1028 40 355 1042
1174 401 367 1584 752 13
1175 470 893 383 376 350
1176 552 364 590 638 1045
1177 285 1221 899 310 381
1178 561 717 1522 696 472
1179
1180 1222 188 891 1287 971
1181 1584 1575 13 1356 483
1182 456 1415 853 1392 249
1183 1103 963 1153 369 39
1184 1078 1200 1480 1138 503
1185 367 399 590 638 55
1186 1602 343 197 328 701
1187 364 1313 590 638 1045
1188 1235 57 1110 320 399
1189 256 1602 343 194 419
1190 679 1222 519 130 188
1191 615
1192 1078
1193 1001 1254 527 1445
1194 894 1220 740 1240 631
1195 286 1168 1488 1045 1138
1196 373 378 977 1121 40
1197 966 487 1092 286 1200
1198 1602 343 194 197 1326
1199 894 164 1602 1310 197
1200 406 635 1219 99 1371
1201 256 1602 343 1305 328
1202 1214 1531 397 1147 317
1203 343 194 328 701 1139
1204 1079 1294 1393 1617 490
1205 286 1168 1488 1045 1138
1206 627 543 512 332 407
1207 1640 1662 431 1379 143
1208 1128 902 1568 1215 562
1209 558 860 966 487 1107
1210 1338 908 1568 312 1084
1211 1045 1149 1586 385 689
1212 885 1387 75 880 336
1213
1214 1531 1147 904 1109 1202
1215 1582 1499 902 894 562
1216 378 902 894 562 977
1217 1656 5 783 1434 1287
1218 1221 899 310 381 1418
1219 756 99 1078 1200 881
1220 476 430 1240 557 1561
1221 1584 634 13 240 1510
1222 1472 519 250 1275 1041
1223 1490
1224 1491 984 561 717 879
1225 380 1265 478 636 315
1226 341 744 76 1144
1227 99 1371 1039 1107 1092
1228 256 1602 343 194 197
1229 1168 162 1181 385 697
1230 1342 380 1265 1569 636
1231 1531 397 1147 317 904
1232 505
1233 936 133 1490 433
1234 1221 1602 1305 328 1318
1235 1110 66 393 1610 1518
1236 594 605 1168 1575 1356
1237 318 605 1584 1236 1168
1238 38 284 1026 1082 1025
1239 1635 1602 1467 1025 1310
1240 476 751 977 1121 355
1241 1142 1028 1042 1601 752
1242 893 383 376 350 578
1243 487 1092 286 1200 1488
1244 1596 1642 1499 1491 1640
1245 1214 1531 1147 317 904
1246 1121 1028 40 355 1042
1247 458 1313 286 1488 1045
1248 1221 899 381 322 698
1249 860 966 487 1092 1078
1250 1220 1647 557 1635 128
1251 1217 783 819 1434 1567
1252 256 1602 343 1326 701
1253 320 590 638 1610 1114
1254 527 1193 1445
1255 1002 605 1584 590 1575
1256 1002 364 401 1110 605
1257 743 1217 783 819 891
1258 1215 562 870 312 1033
1259 756 1219 99 1371 1039
1260 1589 524 1656 1263 650
1261 1662 984 561 696 472
1262 1084 557 1635 164 109
1263 366 616 1589 524 1656
1264 1557 938 986
1265 16 636 315 1225 1230
1266
1267 594 125 605 1584 752
1268 343 194 419 197 835
1269 1121 1028 1220 1042 430
1270 1092 1078 1200 1488 1480
1271 552 364 1313 367 590
1272 953 1545 1496 1571
1273 458 796 1313 286 590
1274 343 194 328 701 409
1275 1222 188 1357 1439 414
1276 388 939 1327 927 1295
1277 679 1222 130 188 547
1278 373 476 751 977 1121
1279 1154 1467 322 698 1284
1280 654 858 299
1281 239 125 1584 634 1052
1282 378 908 977 1220 312
1283 552 364 1313 590 638
1284 1582 476 1338 908 751
1285 1142 1206 1647 55 1052
1286 886 343 584 1533 325
1287 1507 1217 783 188 819
1288 167 256 343 194 328
1289 364 320 638 1610 1114
1290 625 1642 1499 902 1215
1291 1236 1356 582 162 943
1292 1142 1206 634 1052 477
1293 256 343 419 701 409
1294 1028 40 355 1042 430
1295 927 764 209 1276 655
1296 1220 430 740 1240 631
1297 886 357 1602 1603 343
1298 143 1350 517 38 284
1299 1153 369 39 886 422
1300 1662 561 1522 696 472
1301 1170 640 1349 1491 1137
1302 1214 216 904 1231 1109
1303 1121 1220 430 1647 66
1304 860 99 1371 1039 1107
1305 240 289 1221 223 1659
1306 1025 1310 419 152 1393
1307 1635 1076 109 1310 152
1308 1121 1028 1220 430 1240
1309 1387 1571 336 181 980
1310 1568 747 164 1294 152
1311 1137 984 1347 561 717
1312 322 698 713 1455 950
1313 796 1045 1138 1149 1586
1314 362 679 1222 519 130
1315 1235 1419 401 1110 320
1316 1433 310 1393 246 1332
1317 1491 1640 984 561 431
1318 894 740 128 1066 1154
1319 57 1419 1110 40 1042
1320 256 1602 343 194 1326
1321 594 1002 582 614 368
1322 558 966 487 1092 286
1323 1416 36
1324 594 605 320 752 1236
1325
1326 562 870 312 740 128
1327 478 636 315 1225 214
1328 1602 343 197 1305 328
1329 364 401 367 399 1601
1330 277
1331 870 1033 747 900 164
1332 1110 1028 40 1042 399
1333 1215 343 1026 707 1082
1334 289 285 1221 899 310
1335 1221 322 1305 1593 1318
1336 1582 476 1338 378 908
1337 1393 322 698 1305 713
1338 751 1084 1561 739 109
1339 1640 984 717 1522 431
1340
1341 1531 397 1147 317 216
1342 16 636 1230 1611 1402
1343 458 552 1313 286 590
1344 1137 1347 717 879 1522
1345 1236 1168 1045 1138 582
1346 1206 752 634 740 13
1347 374 859 1170 640 1349
1348 322 1305 1318 593 1073
1349 1636 646 925 1170 640
1350 625 1642 1640 431 1379
1351 625 1640 1662 984 431
1352 1602 343 1026 584 325
1353 1635 109 1467 1310 152
1354 902 870 312 431 1350
1355 343 1026 251 707 1082
1356 318 605 1584 752 1236
1357 547 737 1463 971 414
1358 458 1313 286 1488 1480
1359
1360 1221 1305 1318 1073 536
1361 431 954 1350 284 747
1362 634 740 13 240 1079
1363 552 364 1313 590 638
1364 343 194 419 197 1326
1365 216 1231 1109 1327 1538
1366 239 125 320 1584 752
1367 286 1168 1488 1480 1138
1368 994 949
1369 1635 900 164 1602 1025
1370
1371 1629 36 1107 1078 1200
1372 1137 1347 717 879 1522
1373 256 1221 1305 328 1318
1374 590 638 55 483 1114
1375 902 1568 562 870 312
1376 256 740 1066 1154 1221
1377 1635 1025 1310 419 152
1378 1002 605 1584 752 634
1379 1349 1491 1640 984 431
1380 1356 483 582 162 943
1381 1390
1382 401 1110 367 1206 320
1383 55 66 477 1639 446
1384 1033 38 900 164 1602
1385 1079 1467 1393 1617 1386
1386 1028 40 355 1042 1601
1387 1631 980 1309 1212
1388 1347 472 1103 963 1301
1389 1602 343 584 194 121
1390 1381 448 1074
1391 431 954 1103 1350 1033
1392 456 1415 1182 853 16
1393 1647 1635 1076 1498 1467
1394 1028 1206 1042 752 634
1395 1214 1531 397 1147 317
1396
1397 593 1073 1112 1134 674
1398 558 860 966 487 1092
1399 1642 1499 1349 1491 1640
1400 320 55 1052 13 66
1401 1008 650
1402 1342 1265 636 315 1225
1403 1103 1602 1603 343 194
1404 1215 870 984 431 1379
1405 1313 286 590 1045 1138
1406 796 590 1236 638 1045
1407 902 1568 894 562 977
1408 1568 1635 109 1294 1310
1409 233
1410 412
1411 1052 1510 446 1130 868
1412 364 1584 590 1236 1575
1413 1142 1647 232 112 1561
1414
1415 456 1182 853 1392 249
1416 1323 36
1417 1236 1168 582 162 614
1418 125 1052 483 162 1510
1419 520 60 57 1121 399
1420 1662 1602 343 1082 194
1421 406 635 1219 99 1371
1422 605 1236 1168 1575 1356
1423 216 939 266 1327 927
1424 125 605 320 1584 752
1425 1007 796 741
1426
1427 1142 1206 320 1042 399
1428
1429 894 631 557 1079 1154
1430 256 1221 1602 343 322
1431 640 1137 984 1347 561
1432 1582 977 312 1084 1240
1433 1647 372 66 112 477
1434 524 1656 5 1217 819
1435 902 312 631 747 164
1436 870 1033 164 1082 1025
1437 277 1484
1438 594 57 1419 364 401
1439 662 929 583 1062 250
1440 57 1206 1647 55 1514
1441 1467 1393 1305 1307 409
1442 1602 343 194 121 197
1443 1215 870 1033 284 747
1444 590 1236 1356 483 582
1445 1001 233 1254 527 1193
1446 1602 343 1025 419 197
1447 966 1092 286 1078 1200
1448 1006 205 1129 18
1449 1596 1642 1349 1491 1640
1450 1236 1168 1356 483 1045
1451 1568 1084 631 557 1635
1452 200 1103 1093 369 39
1453 1419 401 1110 1028 40
1454 431 954 1350 747 900
1455 1206 1052 446 1130 868
1456 1103 369 39 517 886
1457 714 1585 746 995 1006
1458 1128 1215 562 870 312
1459 1584 1356 483 582 162
1460 752 634 1575 13 1356
1461 286 1168 1045 1138 1114
1462 406 635 1219 99 1371
1463 974 1553 519 130 547
1464 1568 1084 557 1635 1079
1465 1603 251 584 325 194
1466 752 634 13 240 289
1467 1647 477 1278 1076 1498
1468 1215 562 870 1662 696
1469 984 879 143 954 1103
1470 458 1313 286 1488 1480
1471 858 618 299 1558 511
1472 743 1222 188 874
1473 239 125 320 1584 752
1474 748
1475 156 885 75 880 336
1476 1214 1531 397 1147 317
1477 1310 1393 1305 1659 405
1478 891 1439 1251 105 212
1479 1662 200 1033 38 1026
1480 1200 503 339 1146 1184
1481 1168 1488 1480 1045 1138
1482 1647 1498 1467 1294 718
1483 1103 1602 343 584 121
1484 1437 938 986
1485 590 1045 1114 582 162
1486
1487 477 289 1221 899 310
1488 339 56 866 293 226
1489 594 552 605 367 320
1490 1223 1010 133 1233 433
1491 1349 1640 561 717 879
1492 1662 984 431 1379 143
1493 966 1107 1092 286 1078
1494 256 1221 899 322 698
1495 289 1076 285 1221 899
1496 953 1545 1272 1571
1497 1103 369 886 357 422
1498 1235 1110 1601 1647 55
1499 1596 1642 1215 1662 100
1500 318 1002 605 1584 752
1501 312 1084 1635 739 164
1502 39 886 1603 343 1071
1503 1584 1236 13 1356 483
1504 1092 286 1200 1488 1480
1505
1506 1635 1467 1025 1310 152
1507 783 891 1287 1132
1508 1128 1215 562 870 1662
1509 631 1635 747 164 109
1510 1584 752 634 1575 1052
1511 1602 343 197 1305 328
1512 631 1079 1154 289 1221
1513 1305 1659 1318 405 593
1514 1419 1121 1028 40 355
1515 487 1092 1168 1488 1480
1516 401 40 355 1042 399
1517 38 164 1602 122 343
1518 520 1235 57 1419 1110
1519 318 1002 605 1584 752
1520 1121 1028 1220 1042 430
1521 401 1110 399 1601 590
1522 859 1170 640 1349 1491
1523 1214 1531 397 1147 317
1524 561 38 284 164 1026
1525 1221 1467 322 698 1305
1526 322 1318 593 1073 536
1527 1235 57 1142 1028 1647
1528 1142 1206 1052 477 240
1529 256 1602 1467 343 419
1530 1221 109 1467 322 1173
1531 1214 397 1147 317 904
1532 406
1533 1170 640 1349 1137 1640
1534 1602 1282 1305 1659 593
1535 1635 1467 1393 1617 1303
1536 1635 1467 1025 1310 1393
1537 239 752 634 1052 13
1538 397 1147 317 904 1231
1539 458 1313 286 1488 1480
1540 1647 112 477 1066 1278
1541 520 401 1110 40 367
1542 1347 1103 963 1153 1070
1543 406 635 1219 99 1371
1544 1206 1647 1052 477 693
1545 953 1496 1272 1571
1546 109 1310 152 1393 1282
1547 1154 1467 152 1393 1282
1548 378 902 1215 562 870
1549 870 143 1033 38 284
1550 977 1121 355 1220 430
1551 1168 1488 1045 1114 582
1552 1350 38 284 747 900
1553 974 519 1463 414 1029
1554 1142 1206 752 55 1052
1555 1206 1042 1647 55 1052
1556 902 894 870 1084 557
1557 1264
1558 858 618 1471 383 299
1559 984 1033 117 158 342
1560 605 1584 752 634 1575
1561 476 1338 751 977 1121
1562 1265 636 315 1225 214
1563 401 1110 367 1206 320
1564 1077 456 380 1415 1182
1565 1221 1467 223 322 698
1566 286 1200 1480 1045 1138
1567 1589 524 1656 1263 650
1568 1310 1080 1064 843 1210
1569 380 1415 1182 853 16
1570 1235 320 1647 55 66
1571 953 1545 1496 1272 1309
1572 477 440 289 868 285
1573 256 1602 1310 1393 1326
1574 531 1038
1575 605 752 1236 1168 13
1576 431 1379 143 954 1449
1577 1103 369 39 886 357
1578 1206 1647 55 1104 66
1579 894 1154 1602 109 1467
1580
1581 343 584 194 121 419
1582 1215 977 312 109 1284
1583 1662 200 1103 1301 1153
1584 634 13 1356 483 162
1585 1590 714 746 52 1457
1586 458 1313 286 1045 1138
1587 594 605 752 1236 1168
1588 740 1066 1154 1467 322
1589 616 524 1263 650 5
1590 714 1585 746
1591 468 1419 401 1110 40
1592 378 908 894 977 1220
1593 1028 355 1042 1601 740
1594 1128 1215 870 1662 1033
1595 1221 899 381 322 698
1596 1642 1499 1449 1244
1597 1313 286 1488 1480 1045
1598 1154 1467 1284 1307 713
1599 1066 1154 1602 1467 1393
1600 796 60 364 1313 367
1601 401 40 1042 399 372
1602 343 946 1641 405 354
1603 640 1137 1347 561 717
1604 256 1602 343 584 194
1605 594 605 1236 1052 66
1606 406 1219 99 1371 1039
1607 984 561 717 1522 696
1608 894 312 1084 631 557
1609 582 614 368 446 1017
1610 60 1235 57 1110 1601
1611 1342 380 853 16 1392
1612 1236 1168 1575 1356 582
1613 1221 1305 1659 1318 593
1614 369 1033 886 422 100
1615 1635 1079 1066 1278 289
1616 1002 1313 590 1168 1045
1617 1121 1220 430 1647 1240
1618 870 696 1033 900 1026
1619 1602 343 1026 1317 1082
1620 1662 431 1379 143 954
1621 1602 1467 1393 1305 1307
1622 1467 1393 1282 322 1303
1623 256 343 194 419 1326
1624 343 194 197 1326 847
1625 558 860 966 487 1092
1626 1602 343 194 121 197
1627 1033 1602 343 1317 707
1628 286 1488 1480 1045 1138
1629 36 1371
1630 164 1602 343 325 1025
1631 1387 205 1129 18
1632
1633 1338 902 751 894 562
1634 1531 397 1147 317 904
1635 908 977 1121 1220 430
1636 1349 879
1637
1638 984 561 717 696 1379
1639 520 60 364 40 367
1640 1349 1491 717 879 431
1641 1602 343 197 409 845
1642 1596 625 1499 1662 1449
1643 125 1584 1575 1052 1356
1644 1602 1305 328 1318 405
1645 902 894 562 1084 557
1646 60 1110 399 1601 590
1647 57 66 112 477 1076
1648 322 1305 328 1659 1318
1649 256 343 328 1073 270
1650 1236 1168 1488 1138 582
1651 1221 1305 328 1318 1316
1652 1220 430 1084 1240 232
1653 1215 1662 1033 284 747
1654 289 285 1221 899 310
1655 558 966 487 1092 1168
1656 1263 5 1217 819 1434
1657 1531 397 1147 317 904
1658 1221 899 310 322 698
1659 752 1052 240 1079 693
1660 640 1137 1347 561 717
1661 401 1042 752 634 1575
1662 1642 1499 1215 1033 284
1663