0
1 307 438 811 784 993
2 1591 778 450 170 51
3 1649 990 822 273 538
4 1336 611 1119 725 695
5 1263 1260 650 524 1589
6 737 971 1029 414 1463
7 1167 778 924 856 1563
8 906 428 545 1430 438
9
10 1048 983 1495 1037 282
11 1625 347 998 542 926
12 881 1087 738
13 26 58 1560 1378 1500
14 1269 425 808 1520 875
15 1311 471 1431 1344 1075
16 1564 712 1611 1569 478
17 229 551 1194 215 441
18 1129 205 1457 52 910
19
20 139 1389 276 955 694
21 1098 1620 496 1384 1208
22 1362 1292 812 308 1346
23 1099 1579 809 648 862
24 37 1599 71 436 292
25 556 1194 1599 683 257
26 13 1560 58 1378 285
27 326 782 1375 1549 549
28 1599 530 823 687 416
29
30 1167 170 279 2 1541
31
32 694 139 377 193 1581
33 34 506 311 1527 950
34 1527 1427 33 513 1188
35 742 1228 1198 683 797
36 1371 1629 1416 1323
37 1599 292 24 229 683
38 1607 340 517 681 269
39 886 1533 1347 1660 847
40 643 116 1516 372 1118
41 1099 1579 648 1506 533
42 755 883 203 1135 1011
43 691 1619 805 633 648
44 269 1069 1207 439 461
45 759 253 632 342 264
46 540 1011 630 231 856
47 1037 189 1346 1292 365
48 222 1183 940 132 480
49 1016 262 471 452 1533
50 1152 691 1619 410 1517
51 450 170 1591 2 1541
52 1457 18 205 1129 910
53 660 1413 1142 808 736
54 695 779 1050 711 523
55 1438 1440 785 170 279
56 1462 1421 652 1012 149
57 1610 509 55 785 1188
58 285 1560 645 1378 13
59 1209 1493 649 295 108
60 509 1126 785 1419 115
61 1037 1554 1466 308 72
62 1297 1083 876 1442 1056
63 1536 218 1250 1393 1353
64 417 923 809 1279 1097
65 340 681 1576 210 1620
66 1188 279 34 2 1527
67 859 1170 640
68 1048 1013 589 206 417
69 1460 1563 645 956 778
70 324 489 1422 976 671
71 436 24 1067 523 1037
72 914 93 1466 1334 769
73 986
74 437 549 702 882 1509
75 207 1475 880 1212 1140
76 1144 744 1226 341 617
77 545 185 229 1654 1648
78 689 457 1444 1422 976
79 771
80 211 163 921 1657 1395
81 1327 266 263 214 497
82 351 962 462 1341 1365
83
84 487 860 1081 134
85 447
86 1495 308 365 72 914
87 648 975 559 1623 745
88 905 926 542 226 296
89 1024 1035 102 291 730
90 790 1599 292 416 1003
91 1105 649 507 723 435
92 1620 210 427 1492 471
93 1102 229 534 72 438
94 1412 203 316 1011 630
95 1579 648 1003 982 1239
96 738 1087 149 623 1012
97
98 1597 1105 353 960 762
99 1078 1219 1087 738 149
100 1059 1244 1089 1093 251
101 1239 333 982 1091 326
102 772 732 89 1136 1473
103 1346 371 1537 600 1037
104 495 179 861
105 1172 212 1062 675 1251
106 1481 1450 958 248 620
107 813 1660 1431 847 262
108 443 1421 140 1209 118
109 1284 1336 4 1165 1633
110 563 968 465 1040 119
111 529 134 1481 649 992
112 535 832 34 875 230
113 1292 637 1037 358 129
114 1593 1394 1241 116 808
115 590 1135 1489 110 883
116 1593 1332 1516 535 114
117 777 843 1508 1556 158
118 1227 443 1322 108 1304
119 741 1160 442 1616 465
120
121 813 107 584 847 1431
122 810 471 49 845 461
123 1524 1238 1552 1098 1208
124 1394 1555 808 1427 875
125 645 856 327 697 1366
126 35 565 1198 545 745
127 733 1380 1444 1291 244
128 1196 1066 1057 1336 826
129 600 1292 1537 1037 1334
130 971 1314 414 519 547
131 88 1249 1625 998 542
132 1090 1183 222 480 1388
133 1233 1490 433 936
134 529 435 649 926 11
135 342 624 931 909 158
136 314 1529 281 648 687
137 1413 1269 1241 1369 779
138 462 82 163 1341 351
139 356 32 694 515 942
140 443 108 1421 1209 1227
141 88 926 905 347 1249
142 545 906 438 428 551
143 810 1399 122 49 452
144 1336 475 1119 1296 301
145 584 1090 426 813 1660
146 857 1599 28 530 523
147 513 601 641 1578 564
148 1135 883 203 1489 1363
149 1087 738 623 1012 1030
150 198 1430 1588 683 814
151 243 391 1315 543 872
152 1119 1336 1122 4 887
153 721 333 1060 326 782
154 1063 720 1354 541 432
155 1625 347 998 1515 1398
156 181 1475
157 229 1654 534 1037 656
158 1508 715 342 1468 651
159
160 326 1208 782 827 1443
161 7 1167 778 1051 450
162 697 244 642 370 1380
163 1634 80 462 1341 1523
164 427 1391 1620 348 260
165 283 667 333 633 1100
166 323 222 132 1183 1090
167 344 559 1288 532
168 436 71 687 523 1067
169 417 1530 923 1048 653
170 51 2 1591 1541 450
171 424 648 745 613 538
172 633 845 691 1630 1517
173 1256 724 883 592 1150
174 1599 1579 809 436 1194
175 1241 1520 875 779 230
176 648 23 787 1579 809
177 719 916 604 217 827
178 1194 292 648 1622 869
179 495 104
180 1228 538 797 586 742
181 1309 980 336 207 1475
182 630 540 46 856 231
183 677 292 907 1599 228
184 1105 507 295 960 91
185 1654 229 656 551 77
186 710 307 157 1362 907
187 385 889 1481 781 347
188 679 1314 783 891 1277
189 1037 1346 812 10 157
190 347 781 1481 1625 1655
191
192 283 1501 1003 549 982
193 1183 32 410 1297 139
194 515 1090 48 132 1299
195 1630 1297 805 691 1152
196 471 1388 1311 1183 1431
197 1403 1641 404 1125 1469
198 150 814 1588 1525 417
199 804 1208 549 1375 326
200 707 1244 1170 472 251
201
202 1250 333 1377 997 1124
203 883 1135 568 1489 1412
204 1624 1198 469 565 895
205 18 1129 910 52 1457
206 1048 589 68 1013 169
207 1475 1212 75 885 1309
208 667 326 782 518 648
209 361 1476 444 1202 1395
210 1620 1207 1208 427 92
211 80 82 351 163 138
212 1062 1172 673 675 105
213 484 776 1583 359 1452
214 497 266 81 939 388
215 157 229 551 17 906
216 758 1225 1004 82 1402
217 326 1549 1517 1375 719
218 63 1014 192 1506 1306
219 180 538 586 1604 990
220 936 433
221
222 132 1183 940 480 323
223 693 600 1659 692 1086
224 1630 916 827 805 1517
225 1519 1356 1267 346 571
226 149 1462 1012 928 623
227 1127 808 175 875 230
228 1441 1599 292 1194 183
229 157 1599 1654 292 1021
230 1241 175 808 301 875
231 856 924 1011 46 630
232 1514 718 535 627 680
233 877 1409 1445
234 1599 228 836 1072 1194
235 500 807 736 14 1269
236 749 1180 525 1158 1478
237
238 1302 962 331 1476 961
239 645 371 381 1281 697
240 752 1378 634 1519 58
241 1515 347 958 781 1625
242 1087 149 738 623 1012
243 151 543 1315 391 872
244 1444 1130 1380 499 730
245 426 916 776 300 359
246 1424 310 313 1473 89
247 576 471 789 345 1311
248 1481 1655 649 529 926
249 1564 1569 853 1392 712
250 1108 1180 1275 749 236
251 1244 100 422 471 776
252
253 1244 45 471 632 759
254 695 1119 1336 54 779
255 427 1549 348 1375 437
256 180 822 219 428 972
257 1003 518 823 416 1599
258 72 914 93 229 329
259 267 700 1517 805 276
260 427 1361 1454 1620 325
261 760 111 1481 733 642
262 107 357 439 1431 813
263 577 758 1327 1562 81
264 471 45 599 1207 1351
265 296 88 905 443 1088
266 81 497 939 1327 577
267 62 876 1297 1626 276
268 306 1481 649 1450 958
269 1069 599 439 471 461
270 669 983 824 919 1048
271 1427 680 1438 566 51
272 989 1250 890 202 711
273 32 276 139 691 377
274 1489 568 1018 976 203
275 523 1050 500 54 1194
276 300 1619 1517 691 1352
277 1437 1330
278 494 1175 383 1558 1242
279 830 170 2 778 1188
280
281 687 628 41 502 136
282 824 983 1048 10 722
283 782 779 549 633 27
284 821 264 1576 1026 45
285 58 1560 26 1378 13
286 960 1597 1539 932 941
287 1430 292 648 745 613
288 667 314 549 518 208
289 1659 600 223 693 240
290 287 292 1194 565 555
291 420 1255 1024 1253 89
292 1599 183 37 229 1194
293 526 928 1012 623 149
294 1207 544 1339 1620 548
295 507 1105 960 435 1209
296 265 88 723 108 817
297 725 541 1336 54 1050
298 1395 1476 1120 708 961
299 858 1471 1280 654 1558
300 276 933 694 1517 1604
301 695 1119 725 779 175
302 842 1398 108 542 131
303 471 576 1352 670 1517
304 1579 35 648 613 1333
305 542 1625 998 1398 347
306 268 106 1481 958 435
307 1 438 710 1360 1654
308 1495 86 365 1037 769
309 342 759 45 264 1399
310 1424 129 246 47 506
311 996 600 1037 513 506
312 887 1548 1080 777 562
313 246 89 1017 1024 7
314 363 726 1468 1508 1333
315 497 1611 1230 761 939
316 1011 630 231 924 540
317 1634 921 397 1147 1202
318 1519 225 614 1356 240
319 1208 1058 1620 177 21
320 1167 1400 917 30 231
321 139 1268 1624 32 273
322 423 10 1544 1292 1037
323 940 222 1183 166 132
324 1650 489 671 976 1081
325 1620 294 548 1361 1207
326 782 691 1375 1549 437
327 1383 757 587 1440 1136
328 222 876 48 323 940
329 402 438 93 993 1248
330 1301 1016 717 879 1059
331 238 1302 962 1476 82
332 407 327 34 757 513
333 1060 326 782 1377 202
334 1512 1050 663 523 779
335
336 1309 980 1212 181 207
337 1040 134 1481 529 111
338 571 803 1519 630 1237
339 1462 1421 226 56 443
340 681 65 1620 1098 21
341 76 1144 1226 744
342 1508 158 1404 624 715
343 833 822 1502 1604 356
344 167 869 559 532
345 359 1614 776 1583 1049
346 1236 614 1237 225 976
347 998 1625 1249 11 542
348 427 1620 1339 1361 544
349 1234 790 702 882 915
350 578 429 1175 773 1242
351 82 462 1341 211 138
352 1479 667 314 363 419
353 803 98 1450 1461 733
354 1483 405 1497 1630 876
355 1561 566 1196 1057 718
356 1502 139 222 1183 940
357 262 439 734 294 1431
358 1346 113 505 10 1487
359 776 1583 484 213 1452
360 706 1205 1551 803 465
361 1120 1202 1523 209 1395
362 971 130 737 1314 188
363 314 1517 827 1619 1352
364 386 1045 1600 883 741
365 308 1346 769 1037 728
366 635 616 1039 1263
367 386 1639 1438 1600 173
368 508 1489 568 1503 115
369 963 1603 1533 1431 1660
370 730 540 630 856 610
371 757 1037 129 1346 365
372 116 1246 1516 1118 1294
373 1066 355 1196 643 40
374 1347 886 39 1137
375 676 522 1547 400 828
376 383 1175 1242 893 429
377 32 694 139 193 955
378 128 562 870 1196 1282
379 574
380 1225 1611 1569 636 1564
381 772 370 610 730 899
382 951 1489 917 883 1135
383 1242 376 278 1175 893
384 1578 641 147 1537 311
385 187 889 1450 1481 1022
386 1135 883 741 148 1600
387 1398 842 542 108 1625
388 1230 1055 771 1327 939
389 1556 1050 702 1194 408
390
391 543 151 1315 872 243
392 348 1339 427 92 1620
393 1518 2 1188 51 279
394 568 1489 203 1616 1135
395 471 303 461 576 1469
396 1481 649 91 1551 435
397 1634 921 1523 1147 163
398 1054 523 564 660 1194
399 391 535 2 51 1518
400 113 375 556 522 676
401 1118 1516 1256 1329 944
402 682 329 580 545 438
403 711 1536 441 1159 1477
404 691 1549 1619 326 1517
405 1483 1497 354 1469 876
406 1532 1087 738 149 1012
407 332 327 1427 1440 34
408 676 834 1547 608 292
409 573 165 903 217 667
410 193 1297 50 32 792
411 987 111 992 1040 435
412 1616 394 1489 948 951
413
414 1463 1029 1041 547 971
415 644 1333 648 304 1579
416 823 530 1091 1003 1599
417 169 814 1013 1048 1588
418 586 1228 416 1198 538
419 726 314 352 1479 213
420 1011 231 850 291 316
421
422 1660 107 584 1016 1533
423 669 10 1572 536 1177
424 833 171 1123 1442 586
425 1269 1550 945 808 14
426 245 145 776 300 1075
427 1375 1620 1549 1208 1391
428 1228 906 586 538 438
429 578 1175 1242 350 376
430 1057 4 557 739 1550
431 325 1350 954 92 392
432 427 1361 1620 1208 348
433 936 1233 133 220 1490
434 708 298 961 1120 1476
435 134 1625 347 1249 998
436 71 1599 24 157 37
437 1375 782 691 326 1549
438 1 307 811 428 1654
439 461 262 471 1069 269
440 718 566 1057 875 14
441 711 1599 1194 416 1204
442 1616 803 1343 948 762
443 1421 1227 1462 108 1304
444 1476 1395 209 1245 298
445 676 770 598 1547 408
446 732 772 1473 102 1024
447 85
448 1390 495
449 663 779 1451 1194 711
450 51 2 778 1541 170
451 1444 1450 457 760 642
452 1339 878 49 471 1372
453 1267 486 1148 1587 1096
454
455 1489 948 1135 394 568
456 1182 1564 1392 1415 712
457 1450 1444 451 733 106
458 741 1358 960 1470 1149
459 1043 1038
460 1144
461 471 439 1607 1075 1069
462 82 163 962 138 1341
463 1430 1588 23 1598 64
464 1335 534 93 229 157
465 762 1343 1597 960 507
466 333 997 1124 202 1060
467 420 1011 119 203 568
468 51 450 2 1591 830
469 955 895 837 839 276
470 578 773 350 429 1175
471 1075 854 461 576 1311
472 1522 1170 879 1093 717
473 1506 101 1353 41 146
474 779 663 702 790 1199
475 725 695 1336 208 502
476 1284 1121 1278 109 4
477 1578 1555 1527 1440 34
478 81 497 1564 214 266
479 1031 1302 962 1055 331
480 847 222 1183 1090 132
481 691 782 326 437 1091
482 512 1591 778 2 170
483 645 1560 1584 58 13
484 213 1583 776 359 1452
485
486 692 1591 1605 1324 778
487 860 558 1398 998 1625
488 1627 1333 978 975 484
489 324 1650 1345 1081 671
490 1336 4 301 1080 1633
491 545 428 906 538 1228
492 1274 1198 745 1599 292
493 1473 1024 732 772 1136
494 1558 278 618 511 773
495 179 104 861 448
496 21 1098 217 1620 177
497 266 214 939 81 315
498 292 1194 1599 907 229
499 244 1444 943 1130 642
500 695 275 1194 1050 502
501
502 687 28 1239 23 1194
503 542 1462 88 305 652
504 1549 691 1375 1619 805
505 1292 358 812 600 113
506 311 33 1424 1163 1094
507 960 295 1105 91 1358
508 1035 1167 89 1051 1609
509 1126 1135 883 1185 884
510 676 731 522 1595 113
511 773 494 1558 278 578
512 482 566 1438 170 271
513 601 147 812 1578 1037
514 1090 1139 1388 1344 132
515 1183 132 139 1090 863
516
517 1607 439 461 810 38
518 1003 691 982 1619 257
519 1222 1314 1553 130 414
520 535 678 1518 116 643
521 27 782 1451 871 326
522 676 229 292 907 183
523 1054 1194 441 229 663
524 1260 1567 673 1434 1263
525 236 1180 1158 749 1172
526 623 1087 149 738 928
527 1445 1193 1254
528 1020
529 1655 723 649 1625 134
530 1091 1599 416 1003 823
531 1574 98
532 1430 814 1348 287 171
533 975 1436 41 1508 801
534 157 229 93 1654 1021
535 116 627 2 678 1113
536 1572 1218 669 86 423
537 1508 1208 342 1468 1594
538 990 1228 608 586 742
539 1354 964 1361 549 427
540 630 46 924 1011 856
541 27 1451 1509 959 1060
542 88 998 305 1398 1625
543 391 243 1315 151 872
544 1391 1620 294 348 1339
545 565 906 586 780 1228
546 1267 772 1424 1473 58
547 414 1463 1029 971 1041
548 294 325 1339 544 1207
549 1143 326 1375 782 1060
550 648 849 1579 555 687
551 229 185 215 157 1102
552 110 592 1160 1061 1135
553 1618 659 1508 314 729
554 1157 580 1228 1626 742
555 648 292 745 1072 1198
556 1003 229 1133 790 257
557 4 1336 1084 611 739
558 860 487 1398 1209 88
559 87 648 1397 688 814
560 1398 108 842 443 1304
561 717 1301 1607 200 38
562 870 1548 312 902 1215
563 1040 134 1247 337 1470
564 1578 513 168 169 601
565 545 1624 586 1228 292
566 1427 512 2 678 271
567 1082 913 1479 1098 681
568 1489 203 1135 883 1406
569 496 217 21 979 1098
570 88 542 905 1655 1270
571 630 338 540 1366 1519
572 1198 839 586 1624 1228
573 903 326 988 1517 633
574 379
575 1136 732 1400 950 102
576 359 471 670 303 1388
577 263 758 1562 761 1055
578 350 1175 429 773 470
579 202 1369 997 1124 1250
580 1157 554 1228 402 545
581 829 865 1464 541 1451
582 976 1116 1422 671 324
583 1478 1108 662 236 947
584 145 1660 813 107 1431
585
586 1228 906 1198 538 990
587 600 812 1292 1427 1037
588 1098 1552 496 903 1607
589 68 1048 1013 206 417
590 115 110 509 1161 686
591 1057 230 1550 116 718
592 724 1061 1114 1135 883
593 763 408 613 676 559
594 614 486 1018 1587 1148
595
596 768 655 1395 298 1302
597 359 1583 789 1178 776
598 445 841 676 417 1547
599 269 264 1207 1350 439
600 587 1292 129 311 812
601 513 417 147 169 896
602 1140 995 910
603 1616 684 1256 382 883
604 719 177 1420 1456 694
605 225 1236 1267 1148 1519
606 292 849 1622 935 1599
607
608 538 292 229 551 906
609 1152 827 1100 50 1436
610 370 772 381 730 102
611 4 1336 301 1592 997
612
613 648 763 171 287 1579
614 346 1321 225 1018 274
615 1191
616 635 1039 1589 366 1263
617 1144 76
618 1558 494 1471 858 278
619
620 1481 1040 248 958 106
621 292 907 1599 565 183
622 74 437 541 711 449
623 1087 738 149 1012 1543
624 931 471 909 715 1208
625 284 1290 1350 747 1642
626 683 1274 648 492 292
627 872 391 151 1315 543
628 281 687 1467 1085 736
629 695 1608 1143 720 1435
630 1011 540 856 924 46
631 144 1165 301 1593 1520
632 45 253 759 471 1244
633 691 326 1619 805 1517
634 1378 240 58 1519 13
635 1039 616 1200 1030 881
636 1230 388 1611 939 1055
637 1292 1037 113 812 600
638 724 1061 883 203 592
639
640 859 1137 1347 39 1153
641 1578 147 384 10 513
642 261 1450 760 1444 451
643 51 2 450 535 116
644 415 1333 648 314 304
645 58 370 956 69 381
646 1349 925 879
647
648 87 1579 849 530 1091
649 529 1655 134 1197 91
650 1263 5 819 1008 1589
651 715 1508 158 471 913
652 1012 149 623 1087 928
653 1279 1097 814 923 1588
654 1280 299 858
655 596 768 298 1395 1302
656 229 185 157 1654 906
657
658 410 1152 691 792 1619
659 729 719 782 1375 553
660 523 779 711 441 1050
661 1388 514 1183 132 576
662 1108 818 1478 583 1180
663 229 779 449 1194 157
664 706 571 1551 1412 94
665 1311 1344 1075 15 471
666 779 1143 695 1269 1385
667 208 288 352 518 573
668
669 1218 1572 10 710 1654
670 1311 1183 480 132 576
671 976 324 1650 1422 1116
672 986
673 212 1260 1062 1567 1434
674 1048 983 68 1013 919
675 1172 1062 212 105 1251
676 522 1547 408 292 688
677 183 906 907 292 790
678 1438 51 116 2 1591
679 743 1277 188 1314 874
680 271 2 51 450 1591
681 340 65 496 1098 1620
682 811 402 580 545 438
683 1599 37 292 35 626
684 1616 803 603 1002 412
685 1199 518 1003 530 691
686 1616 898 568 442 1135
687 502 28 1099 23 41
688 676 292 849 522 1430
689 1444 78 457 106 1450
690 1050 1194 1296 1652 1592
691 326 437 1549 782 1375
692 486 693 1587 1267 453
693 692 223 1587 289 752
694 32 139 377 1183 955
695 254 725 1336 779 1119
696 100 1089 1244 251 45
697 162 1065 1130 244 630
698 812 1292 587 384 311
699 1481 1022 347 529 649
700 691 1549 1517 805 1619
701 1156 694 911 1452 321
702 882 437 869 1050 1194
703 1552 549 21 1298 217
704 394 603 412 1018 1616
705
706 1551 1205 664 360 803
707 1244 200 1261 253 471
708 961 1120 1341 962 1476
709 1453 1591 450 2 51
710 438 307 186 1654 157
711 441 1194 1599 1003 1072
712 1564 1569 1392 1182 853
713 1544 10 1151 423 1528
714 746 1585 1590 52 1457
715 1508 651 158 1468 913
716 74 541 1592 297 1556
717 330 1301 561 879 1522
718 1057 535 14 425 875
719 177 1375 1549 827 1331
720 154 629 541 427 27
721 153 333 997 1239 1556
722 1588 824 1048 923 417
723 889 296 529 542 1209
724 592 1061 1114 1135 883
725 695 1336 1119 1210 1633
726 314 1529 604 1420 1604
727 1630 1091 1003 530 805
728 365 1037 157 86 1495
729 1443 827 1375 1208 326
730 370 772 1473 856 102
731 10 510 157 1654 1346
732 772 102 1473 1136 1015
733 1380 127 1481 1444 1450
734 670 1542 909 1183 300
735 876 1626 428 538 990
736 41 1353 1250 1652 687
737 6 971 1463 1029 1314
738 1087 149 623 1030 1012
739 4 1336 301 1165 1119
740 1326 1216 14 128 1057
741 119 1135 1160 1363 1271
742 1228 538 586 797 35
743 679 1132 1257 874 1472
744 76 1144 1226 341
745 1198 1624 586 1320 839
746 1585 1590 714 1457 52
747 1620 154 325 1290 427
748 1474
749 1180 236 1478 818 1277
750
751 1338 4 1561 1336 739
752 240 1378 223 546 693
753
754 986
755 42 883 1135 1167 1489
756 1415 99 1078 1219 1087
757 371 1528 1554 1037 189
758 1055 263 1402 1562 761
759 45 632 253 342 1508
760 261 642 451 1450 1444
761 1055 771 758 577 1562
762 465 507 435 1597 960
763 1599 613 292 814 229
764 238 1031 479 962 1476
765 1100 827 1619 782 982
766 929 1478 749 1439 1277
767 973
768 596 655 298 1365 82
769 308 365 157 534 72
770 676 1595 834 408 522
771 1055 761 758 331 388
772 732 1473 102 1015 730
773 511 494 578 350 1175
774 568 1489 203 1135 883
775 808 1555 1285 1427 1527
776 359 1583 213 484 1049
777 117 887 1407 843 1508
778 2 1541 450 1591 170
779 1429 985 663 930 449
780 906 1228 586 545 538
781 1195 1551 1205 396 958
782 326 1375 437 1549 691
783 1132 891 1217 1287 1507
784 811 438 1 185 608
785 778 279 2 170 51
786
787 809 176 862 849 292
788 370 1503 610 231 1011
789 776 1583 359 597 213
790 1599 1328 229 416 677
791
792 410 50 1517 658 32
793 71 311 436 1037 103
794 1074
795 1606 928 623 149 1012
796 741 1425 1600 119 686
797 742 180 1198 1228 538
798 387 1081 1481 1650 134
799 1136 732 102 772 1267
800 1209 866 140 1447 1249
801 849 533 648 87 1239
802
803 1237 442 1271 684 338
804 1208 199 887 326 821
805 1619 1352 1517 1630 691
806 989 1250 1615 1067 272
807 1578 168 147 71 687
808 875 425 1241 775 14
809 23 417 787 1194 923
810 122 471 49 1607 340
811 1 682 784 438 580
812 1292 1037 189 513 587
813 107 132 121 145 584
814 1097 653 1279 417 1588
815 1194 683 1622 292 1599
816 14 1498 1047 808 1169
817 108 1209 296 226 88
818 1190 1041 1277 749 947
819 1251 650 1260 675 1062
820
821 1208 804 887 284 319
822 273 586 1228 180 972
823 416 1091 1003 530 441
824 282 983 722 1048 68
825 931 471 624 913 1075
826 1196 1057 1154 1165 1066
827 1619 326 1375 1517 805
828 229 1599 1194 1579 790
829 1464 581 865 541 1451
830 279 2 170 778 450
831 1228 1626 586 538 990
832 1047 1527 1303 14 1269
833 1123 424 300 356 359
834 676 814 408 292 1430
835 1431 847 1388 471 1311
836 1194 1072 1599 234 530
837 1624 895 691 839 469
838 1161 968 420 1406 1444
839 1198 1581 572 586 1228
840 549 1208 1199 1375 1060
841 417 676 1048 68 157
842 1398 542 88 1304 1462
843 117 777 1508 1407 804
844 1207 1620 1290 210 1351
845 471 1492 122 1620 913
846 1351 1620 1207 471 65
847 480 1090 132 107 1431
848 1083 1056 1297 62 876
849 648 292 1599 1003 982
850 420 630 1011 1380 856
851
852 229 441 523 556 93
853 1564 1569 249 1392 712
854 471 1075 1469 1224 1244
855 1599 1194 809 763 229
856 924 231 630 1011 46
857 146 1133 1599 28 556
858 1471 299 1558 654 494
859 640 1137 1347 879 67
860 487 558 1398 542 296
861 495 104
862 1579 23 809 1099 417
863 1388 1183 132 515 694
864 507 960 1358 1247 1470
865 581 1451 829 711 1464
866 293 1421 1462 526 1227
867 1615 1536 1250 441 711
868 1527 34 279 1427 271
869 702 1194 882 1050 871
870 562 1548 342 1290 378
871 882 702 1199 1451 782
872 627 391 1315 243 543
873 807 945 146 690 1050
874 1277 1180 749 1275 1158
875 808 1520 175 14 1241
876 1626 62 222 1297 1442
877 233
878 452 1533 1153 1339 1372
879 1522 1093 1153 963 330
880 1475 1212 75 1006 207
881 1030 1087 738 149 623
882 702 1199 437 871 1019
883 1135 203 568 1489 148
884 1600 509 1185 1135 883
885 207 1475 1212
886 39 847 1090 584 132
887 1407 1208 804 782 1375
888
889 723 1625 1655 998 347
890 272 301 1308 695 1119
891 783 1132 1287 236 1180
892 1422 324 489 671 976
893 1242 376 383 429 1175
894 1154 1645 1318 902 869
895 1198 1624 839 837 469
896 157 229 534 1654 656
897 624 1443 1375 427 342
898 976 1406 686 1489 1187
899 381 772 505 1281 1218
900 1290 844 1454 1620 1351
901 1030 738 1087 623 149
902 562 1215 1548 870 894
903 21 1098 573 1298 916
904 921 1202 1109 1634 361
905 88 991 926 570 265
906 586 545 677 1198 780
907 183 677 228 229 292
908 4 1336 1084 997 557
909 427 471 1469 624 1339
910 205 18 1457 52 1006
911 694 1388 1075 1156 1183
912
913 471 715 21 1098 1607
914 72 1466 1654 93 258
915 790 907 1644 677 215
916 177 1630 1517 245 719
917 1167 170 382 778 1256
918 986
919 1218 669 983 952 270
920
921 1634 1657 80 163 397
922 965 1661 600 311 1424
923 1588 1279 653 1097 417
924 856 231 630 1011 46
925 646 879 1349 1170
926 88 991 905 1088 992
927 1055 771 758 388 1562
928 1087 738 149 623 1012
929 766 818 749 1190 1439
930 1429 779 985 1241 663
931 624 825 471 427 1375
932 960 1539 1343 958 620
933 300 1083 1297 694 1604
934 1070 1059 262 100 439
935 849 292 228 183 1194
936 433 220 1233 133
937 1054 769 523 1072 157
938 1484 1264
939 266 1562 497 577 263
940 323 1183 222 480 132
941 1197 992 1249 967 649
942 222 1183 480 139 132
943 1130 244 499 370 697
944 1256 2 1541 1094 170
945 425 1269 14 808 875
946 1469 576 1403 1641 1117
947 818 1190 1180 1108 1041
948 1343 442 1187 1616 960
949 994 1368
950 1136 1554 34 732 1427
951 382 803 1271 1616 412
952 919 358 710 674 307
953 1272 1545 1496 1571
954 325 452 431 1350 92
955 1183 694 139 32 469
956 1424 600 102 772 1460
957 1579 687 502 1194 1099
958 649 1481 1450 106 620
959 283 1208 541 782 27
960 507 1343 1105 295 1247
961 1341 962 708 1395 1120
962 961 1365 1341 82 462
963 369 1533 1153 879 1603
964 539 549 195 1297 62
965 922 1424 420 856 1051
966 1209 817 108 88 140
967 1470 866 800 1273 941
968 106 1444 1481 1450 733
969 489 435 864 1081 1481
970 1592 541 1509 887 1282
971 6 737 414 1463 1314
972 1604 1320 300 1630 180
973 767
974 1463 1553
975 1333 1627 87 488 533
976 671 1116 324 1422 1018
977 1336 109 475 1154 4
978 1614 359 213 1355 488
979 916 681 573 224 326
980 1309 181 1212 336 1475
981 1099 1536 1413 218 63
982 1003 1091 530 518 1579
983 282 824 10 1048 68
984 45 342 632 253 309
985 1429 779 930 474 1512
986 1264 73 754 1484 918
987 1022 992 1249 926 134
988 217 633 573 326 1384
989 1250 1482 272 449 308
990 1626 538 1228 586 1189
991 926 905 88 542 1249
992 1249 926 529 1197 134
993 1 438 784 329 1248
994 949 1368
995 910 602 1006 1129 1457
996 311 71 1578 1085 1067
997 1652 202 721 333 466
998 347 1625 542 1243 305
999 14 1540 1269 500 1555
1000 648 691 1274 1364 745
1001 1445 1193
1002 684 603 412 614 1256
1003 257 1599 416 982 530
1004 761 758 1055 263 577
1005 50 691 1619 633 792
1006 1129 205 18 910 1457
1007 1425
1008 1401 650
1009 1393 1250 63 1085 628
1010 1490
1011 630 231 856 46 924
1012 1087 738 149 623 1030
1013 1048 68 589 417 1588
1014 1262 1143 1307 1501 218
1015 772 732 102 1473 1643
1016 1311 1533 107 422 1603
1017 313 1321 508 1167 1051
1018 1116 976 1267 671 274
1019 1091 35 530 823 648
1020 528
1021 229 534 1648 292 1194
1022 1249 296 723 889 347
1023
1024 1473 493 89 730 732
1025 567 913 340 825 1098
1026 1351 340 319 1399 65
1027 1135 148 382 1176 1489
1028 627 230 808 718 875
1029 414 1463 1041 1108 818
1030 1087 738 149 623 881
1031 1055 479 764 962 331
1032 928 623 1087 149 738
1033 158 45 632 342 759
1034 1354 549 916 74 964
1035 89 508 316 1024 1444
1036 648 333 1579 415 314
1037 189 157 1346 308 1572
1038 1574 1043 459
1039 635 1030 881 738 1087
1040 134 620 337 529 992
1041 1190 818 414 1108 1029
1042 1386 116 1516 1241 230
1043 459 1038
1044
1045 686 465 741 1247 864
1046
1047 832 1169 1269 175 1520
1048 68 1013 589 206 417
1049 1452 776 359 345 484
1050 1194 702 663 523 711
1051 7 1167 778 1563 924
1052 1267 772 453 1096 327
1053
1054 937 1072 523 1194 836
1055 761 758 771 1031 1402
1056 1083 62 1297 1320 1581
1057 1196 1165 826 1066 14
1058 319 1208 825 804 217
1059 934 1070 100 1016 262
1060 782 326 437 333 1375
1061 592 724 1114 1135 883
1062 212 1172 675 673 105
1063 154 887 1080 427 549
1064 887 1208 1407 821 804
1065 697 733 630 540 1450
1066 1278 1196 1057 826 128
1067 436 71 1037 311 308
1068 292 849 626 935 555
1069 269 439 461 471 1607
1070 934 1059 262 100 439
1071 1016 1533 422 1059 262
1072 1054 836 1194 823 1091
1073 1649 219 538 586 3
1074 794 1390
1075 471 854 1469 1388 576
1076 1121 678 14 999 718
1077 1564
1078 1030 881 623 1087 738
1079 1241 1593 930 175 230
1080 1063 887 154 1633 490
1081 1650 324 489 671 798
1082 567 1479 1261 913 269
1083 848 62 1056 1442 876
1084 557 4 1336 152 1080
1085 1250 168 1124 628 502
1086 772 1473 732 1570 1427
1087 738 149 623 1030 1012
1088 926 88 265 570 905
1089 100 759 45 696 1244
1090 132 1183 847 480 222
1091 530 1599 416 823 1003
1092 842 108 1398 1270 140
1093 100 1533 879 1071 1153
1094 778 1113 2 450 1563
1095 1003 573 518 1451 165
1096 1267 924 630 856 7
1097 1279 653 814 923 1588
1098 1607 588 21 496 903
1099 23 41 417 809 862
1100 1306 43 765 41 518
1101 22 1362 1346 1067 812
1102 93 551 229 1648 441
1103 1497 1469 1483 405 734
1104 271 566 680 1453 440
1105 91 507 295 960 649
1106 507 960 762 465 1150
1107 1087 738 149 623 1012
1108 1041 818 662 1180 250
1109 1523 361 1634 1147 1120
1110 872 944 391 627 1315
1111 944 1086 1256 1113 170
1112 1536 375 43 1100 283
1113 2 170 1094 778 450
1114 592 724 1061 1135 872
1115 529 347 1481 1249 889
1116 976 671 1422 1018 324
1117 1125 576 300 1517 1619
1118 1453 1516 709 1113 116
1119 695 1336 254 725 4
1120 1523 1395 961 1634 361
1121 1076 1278 1057 718 14
1122 4 1336 152 254 1119
1123 833 424 359 978 776
1124 1250 202 333 1377 466
1125 1117 576 1517 300 139
1126 509 1135 1185 883 51
1127 227 71 1037 436 1394
1128 158 1508 843 1064 821
1129 18 205 1631 1457 1006
1130 943 244 370 499 1281
1131 1208 27 326 782 1375
1132 1257 783 1251 1172 105
1133 790 229 1599 556 823
1134 1151 103 812 637 10
1135 883 203 1489 568 148
1136 732 1400 102 575 950
1137 640 1347 859 39 422
1138 1273 1470 967 1313 960
1139 1090 514 847 132 1388
1140 602 995 75
1141 1394 1346 1067 731 769
1142 53 230 637 1413 1427
1143 549 1501 629 1060 1435
1144 76 744 617 1226 341
1145 691 276 1624 1198 839
1146 1462 1012 652 149 623
1147 1634 397 1202 1109 361
1148 1267 453 1587 486 1324
1149 1470 1539 1358 1247 1628
1150 1363 1271 1106 1283 883
1151 1572 371 327 1411 189
1152 50 691 1619 805 437
1153 1533 39 422 963 1071
1154 826 109 1165 690 1336
1155 292 522 228 498 621
1156 776 359 694 1452 1075
1157 554 580 742 1228 1626
1158 1180 236 525 749 1162
1159 1152 1619 805 827 691
1160 1247 1343 119 741 465
1161 838 1406 1011 1051 231
1162 1478 1158 749 1180 236
1163 311 327 506 1537 1037
1164
1165 1057 301 1336 826 490
1166
1167 7 778 1591 2 1541
1168 324 1237 1650 560 1450
1169 1047 513 189 1332 175
1170 1522 879 472 200 717
1171 648 745 87 1019 35
1172 1062 212 675 105 236
1173 14 1057 808 1113 875
1174 856 924 630 1096 850
1175 1242 278 578 429 376
1176 1256 883 1489 94 1135
1177 1572 669 1248 1218 423
1178 1607 597 471 15 245
1179
1180 749 236 1158 525 818
1181 571 338 630 483 697
1182 1392 1564 712 1415 456
1183 132 222 1090 940 1388
1184 795 1606 293 866 1209
1185 1135 1489 1167 568 883
1186 691 1189 1619 990 1228
1187 948 1343 1271 442 803
1188 279 34 1570 2 170
1189 586 1626 1228 990 742
1190 818 1041 1277 947 1180
1191 615
1192 1078
1193 1445 1001 527 1254
1194 1599 711 292 441 836
1195 781 1551 1205 396 958
1196 1057 826 128 1066 1165
1197 1249 1655 992 649 529
1198 572 1624 839 1228 586
1199 882 790 437 474 691
1200 623 1543 1087 738 149
1201 1651 1198 797 572 62
1202 361 1147 209 921 904
1203 32 1189 1274 839 126
1204 441 229 711 523 1194
1205 1551 1195 781 706 958
1206 482 757 170 512 1427
1207 1620 294 844 210 1339
1208 1407 782 1375 326 1549
1209 108 293 226 140 817
1210 725 887 629 541 1407
1211 1022 111 411 261 1481
1212 1475 207 880 75 980
1213
1214 1109 361 209 298 444
1215 135 1499 562 342 902
1216 1326 1407 887 740 74
1217 1132 783 1656 675 673
1218 669 919 1248 536 1572
1219 99 1078 1087 738 149
1220 4 1336 1635 997 1119
1221 919 186 371 983 129
1222 1314 519 874 1275 818
1223 1490
1224 471 1075 854 624 825
1225 939 266 81 497 478
1226 76 744 1144 341
1227 118 1421 1012 1462 1030
1228 586 742 538 1198 990
1229 1450 1481 1115 248 106
1230 388 636 771 1402 1055
1231 1120 1634 1147 1523 921
1232 505
1233 133 1490 433 936
1234 538 823 797 1651 142
1235 279 1188 680 1610 393
1236 346 225 976 1116 1422
1237 803 1450 324 706 664
1238 1524 123 1552 703 1098
1239 101 333 1506 648 502
1240 490 1278 1165 109 1057
1241 175 230 1079 779 808
1242 1175 383 893 376 429
1243 1249 542 926 998 1625
1244 253 707 471 251 1075
1245 1395 1476 1302 962 1120
1246 116 372 1057 14 425
1247 507 960 1358 1470 1105
1248 993 329 185 669 1572
1249 347 1243 992 926 88
1250 202 1194 1124 1353 989
1251 1062 675 212 1434 1172
1252 180 292 648 1621 538
1253 291 420 1489 203 568
1254 1445 527 1193
1255 231 856 291 7 1011
1256 944 1329 917 1167 603
1257 236 1172 1132 1062 675
1258 1508 217 1208 804 1468
1259 1421 1030 623 1012 881
1260 673 1567 1434 212 1062
1261 707 1244 471 1075 715
1262 1014 297 1143 1119 541
1263 5 1589 650 524 616
1264 986 938 1557
1265 1402 1611 636 939 1230
1266
1267 453 1148 1096 772 1018
1268 1624 745 139 1333 1274
1269 425 1413 14 945 808
1270 1249 1243 570 998 88
1271 1363 803 1187 1616 883
1272 1545 953 1496 1571
1273 1470 967 1597 1358 507
1274 492 626 35 745 1198
1275 818 1180 250 1108 874
1276 82 962 961 238 331
1277 818 749 1190 874 1180
1278 1066 1057 1336 4 1561
1279 1097 653 814 923 1588
1280 654 299 858
1281 1528 772 102 757 1554
1282 1592 970 1336 4 152
1283 1363 1271 803 1150 1616
1284 109 1336 4 301 1592
1285 311 1555 812 34 1578
1286 694 32 955 377 1297
1287 1257 525 1132 783 675
1288 876 1442 424 219 1189
1289 382 203 1167 291 883
1290 1351 900 844 342 1620
1291 1380 1444 733 420 1485
1292 812 1037 600 113 129
1293 87 35 150 648 180
1294 254 230 301 175 1520
1295 238 1302 1245 764 1031
1296 1050 871 14 1194 500
1297 62 876 480 1056 410
1298 177 21 217 903 719
1299 1388 694 955 863 1183
1300 471 345 461 1075 1583
1301 330 1016 1059 1153 422
1302 1395 1245 238 1476 331
1303 1269 832 1307 14 1047
1304 1462 1421 652 1227 56
1305 229 157 1512 186 660
1306 518 1003 805 1619 982
1307 1014 1501 1303 192 1124
1308 425 523 175 1269 1550
1309 980 336 181 1387 1571
1310 581 1208 541 629 1262
1311 670 1431 471 1344 15
1312 436 185 157 308 1572
1313 1138 1273 1586 741 1358
1314 818 1041 1277 1190 1108
1315 543 391 243 151 872
1316 1615 308 72 436 1037
1317 45 759 122 1399 253
1318 952 826 358 919 841
1319 34 678 279 1094 1113
1320 1198 745 742 1228 586
1321 1017 614 1035 457 420
1322 118 443 542 1227 108
1323 1416 36
1324 1051 486 778 1167 1136
1325
1326 1216 740 887 1407 1208
1327 81 263 266 577 758
1328 790 35 742 62 906
1329 1256 382 917 173 603
1330 277
1331 1375 719 326 1549 827
1332 116 425 1169 1047 1269
1333 1619 975 1517 488 648
1334 72 1466 93 129 1595
1335 464 534 906 157 438
1336 4 695 725 1119 254
1337 1654 292 229 551 1648
1338 751 4 1561 1336 725
1339 452 294 348 1620 471
1340
1341 961 962 1395 163 82
1342 1611 636 1230 1402 16
1343 960 507 762 465 948
1344 1431 1311 1660 1090 665
1345 489 1422 1417 324 976
1346 1037 365 157 1394 189
1347 1137 39 640 1533 886
1348 1430 287 814 538 763
1349 879 878 100 1059 934
1350 599 1207 92 431 325
1351 1620 1290 1492 471 264
1352 1517 805 1619 1630 691
1353 1536 1506 1250 982 711
1354 539 1034 549 427 1143
1355 1452 978 1333 1614 1049
1356 1519 225 1500 483 571
1357 947 1041 971 818 414
1358 507 1470 1247 960 295
1359
1360 307 438 545 185 1
1361 348 427 1620 325 544
1362 157 1346 365 1037 22
1363 1271 1150 1283 148 1135
1364 691 1152 745 1619 276
1365 962 1341 462 82 961
1366 571 856 630 540 46
1367 134 1243 926 11 992
1368 949 994
1369 1258 579 326 782 74
1370
1371 1087 738 149 623 1012
1372 1431 847 1660 1469 1339
1373 349 915 307 1234 907
1374 1011 924 231 856 630
1375 437 1549 782 326 691
1376 763 523 869 814 1588
1377 333 202 217 518 326
1378 1519 240 634 58 13
1379 309 357 1399 1350 264
1380 733 127 1444 1291 244
1381 1390
1382 1591 778 450 1541 51
1383 327 513 1537 587 1578
1384 21 1517 1619 326 691
1385 556 146 857 663 523
1386 254 1241 175 230 1593
1387 980 1309 1212 1631
1388 863 1183 132 1090 471
1389 32 694 300 276 139
1390 448 1381 1074
1391 544 1620 427 348 1375
1392 712 1564 1182 853 1569
1393 1009 63 1536 1250 218
1394 1346 1037 189 812 1362
1395 1302 1476 1245 1120 961
1396
1397 559 87 1598 292 1430
1398 842 542 305 88 108
1399 45 309 264 452 253
1400 1136 231 1167 856 7
1401 1008 650
1402 1055 758 771 761 331
1403 1641 1125 1117 300 576
1404 342 719 427 1375 909
1405 563 306 960 968 507
1406 568 968 316 203 1161
1407 1208 887 1060 782 333
1408 1451 27 1546 333 449
1409 233
1410 412
1411 206 189 371 10 812
1412 94 1011 203 630 316
1413 1269 137 425 779 989
1414
1415 1182 756 853 249 456
1416 1323 36
1417 1345 1422 489 324 106
1418 610 327 730 772 1281
1419 1518 535 1121 678 391
1420 604 726 700 1604 1083
1421 1030 623 1087 738 149
1422 976 671 324 1116 1650
1423 82 351 462 138 211
1424 956 1473 506 246 310
1425 1007 796 741
1426
1427 271 1555 587 34 600
1428
1429 779 985 930 663 702
1430 1348 292 683 538 545
1431 1311 107 1660 1372 847
1432 537 1064 887 1014 1208
1433 33 950 34 1169 1324
1434 673 1260 212 1567 1251
1435 629 549 1143 283 779
1436 782 691 1619 1627 1517
1437 1484 277
1438 482 170 678 51 1591
1439 766 929 1478 818 749
1440 327 778 170 1438 2
1441 228 1194 555 23 849
1442 62 876 1083 424 267
1443 729 326 1549 1375 827
1444 457 451 244 968 733
1445 1193 1001 527 1254 233
1446 1619 827 805 1517 691
1447 140 1209 293 108 866
1448 18 1006 1129 205
1449 1244 100 599 1070 934
1450 1481 106 958 457 1551
1451 1408 27 449 871 711
1452 359 1049 1583 776 213
1453 709 1591 450 1118 2
1454 427 260 1620 432 224
1455 1151 1554 812 950 1292
1456 694 1183 377 604 300
1457 52 18 1129 746 910
1458 1508 1208 1443 821 1468
1459 46 1051 856 89 1035
1460 69 956 129 311 1424
1461 1450 733 1205 958 396
1462 1012 149 928 623 1087
1463 414 1029 971 547 6
1464 829 581 865 1451 541
1465 1152 195 576 504 1364
1466 72 914 1334 1654 308
1467 628 1647 1085 1578 281
1468 1508 715 314 1653 1333
1469 471 1075 576 909 1372
1470 1358 1273 1247 507 967
1471 858 618 299 1558 494
1472 1222 743 188 874
1473 1024 772 493 732 102
1474 748
1475 1212 207 880 75 980
1476 1395 1245 1302 961 444
1477 711 403 441 1536 1547
1478 583 749 236 1180 1162
1479 352 1508 314 1468 567
1480 140 88 542 817 1504
1481 529 1450 134 106 649
1482 308 436 157 93 989
1483 1497 405 354 1577 848
1484 938 1437 986
1485 968 1291 457 1444 420
1486
1487 10 358 206 1048 1362
1488 1367 134 11 387 1625
1489 568 1135 203 883 394
1490 1233 133 433 1010 1223
1491 1089 45 1399 100 759
1492 1620 294 1207 544 471
1493 293 1209 226 88 140
1494 185 307 1430 229 1595
1495 86 308 10 365 1037
1496 1545 1272 953 1571
1497 1483 405 354 1469 1103
1498 1527 816 34 832 33
1499 1642 1215 135 1662 309
1500 1519 13 1560 1378 26
1501 1608 1143 192 549 695
1502 356 139 222 940 1183
1503 1450 457 788 733 451
1504 140 998 542 1625 1209
1505
1506 473 1239 41 1353 101
1507 783 1287 1132 891
1508 715 158 1468 1618 651
1509 782 326 1060 437 1091
1510 1584 1560 26 58 483
1511 797 572 1228 538 1198
1512 663 1429 334 1050 985
1513 1194 229 823 608 416
1514 232 1635 718 535 678
1515 241 1398 542 155 842
1516 116 1118 1113 230 1386
1517 1619 1352 805 691 1630
1518 393 678 535 2 51
1519 1378 1500 571 225 338
1520 175 875 695 14 1593
1521 1646 1176 1256 944 1150
1522 879 472 1170 1301 878
1523 1120 1634 1109 163 361
1524 1238 123 1552 1098 703
1525 1588 923 814 68 653
1526 1430 1348 814 68 532
1527 34 1578 1498 832 33
1528 1554 1281 757 812 772
1529 648 726 314 502 972
1530 169 417 68 1048 1588
1531 1147 1109 317 921 1634
1532 406
1533 39 1431 1660 1016 1153
1534 1194 1050 676 441 228
1535 441 228 403 1239 711
1536 1353 403 1100 63 982
1537 1037 129 513 1346 365
1538 1523 1476 1395 1634 1120
1539 1470 507 295 1247 932
1540 999 523 564 1555 736
1541 778 1591 51 450 2
1542 1090 132 863 1183 1388
1543 623 1087 738 149 1012
1544 812 1037 1292 10 189
1545 1272 1496 953 1571
1546 1451 1408 27 871 882
1547 676 1194 292 408 228
1548 342 887 1063 562 1208
1549 1375 326 691 782 437
1550 425 1308 1269 690 945
1551 781 1205 1195 396 958
1552 703 1524 588 1098 1238
1553 1463 414 519 974 1029
1554 1528 1292 812 757 950
1555 1427 587 189 812 513
1556 437 702 782 326 1060
1557 1264
1558 494 618 1471 511 278
1559 342 1033 158 984 117
1560 26 58 13 1510 483
1561 1057 1278 1196 4 1066
1562 1055 758 577 263 939
1563 778 7 1167 2 1541
1564 712 1569 249 1392 853
1565 1048 68 653 923 1013
1566 1447 1628 1493 295 1470
1567 1260 673 212 1434 1172
1568 581 1310 541 153 865
1569 1564 712 249 853 1392
1570 279 1400 34 1527 1136
1571 1496 1272 1545 1309 953
1572 1037 669 10 1177 308
1573 292 691 633 648 326
1574 531 1038
1575 225 1519 1356 1500 1612
1576 65 340 319 1351 567
1577 940 222 323 1083 1183
1578 513 384 641 564 168
1579 648 1599 862 23 1003
1580
1581 839 32 1198 1297 1626
1582 1080 109 977 1064 1432
1583 359 484 776 213 1452
1584 1510 483 1560 1181 58
1585 746 1590 714 1457 52
1586 1273 967 295 1470 1358
1587 1267 486 1148 692 1018
1588 923 1525 653 1013 417
1589 1263 524 616 650 5
1590 1585 746 714
1591 2 51 1541 778 1382
1592 1282 1050 970 1119 500
1593 116 1520 1241 114 175
1594 1208 217 1468 326 1653
1595 438 229 608 811 1654
1596 1642 1499 1244 1449
1597 762 435 337 1273 465
1598 87 648 862 463 292
1599 292 530 37 1194 441
1600 884 1135 386 883 509
1601 116 678 944 535 1516
1602 1630 822 916 180 300
1603 1016 1311 369 1660 1431
1604 1626 1189 1083 1320 300
1605 486 950 1136 732 1587
1606 928 623 1087 149 1012
1607 1098 1178 471 461 1016
1608 1501 695 629 1143 74
1609 508 1035 7 1167 89
1610 1188 279 1518 1646 1521
1611 497 315 1230 1402 266
1612 420 1291 968 291 1444
1613 229 522 1050 157 702
1614 978 345 359 1452 776
1615 441 523 229 436 711
1616 442 684 507 1343 960
1617 1652 997 1550 1047 736
1618 1508 553 715 1468 314
1619 1517 805 1352 691 1630
1620 427 1207 210 1391 21
1621 1599 292 530 648 1091
1622 292 1599 37 1194 815
1623 87 691 648 276 1268
1624 1198 565 745 839 1228
1625 998 347 11 542 1655
1626 990 876 1228 586 1189
1627 488 975 1333 1436 314
1628 1209 295 1566 1447 1358
1629 36 1371
1630 805 1619 1352 1517 916
1631 1129 18 205 1387
1632
1633 725 1336 1080 490 4
1634 163 921 1523 397 1120
1635 997 1617 1122 4 1514
1636 1349 879
1637
1638 471 1607 461 567 1244
1639 1438 482 1541 51 2
1640 954 1399 452 1350 1491
1641 1403 946 197 43 1125
1642 1499 1596 264 632 135
1643 730 772 1015 370 630
1644 915 677 180 551 538
1645 1556 702 1592 1050 871
1646 1256 1521 944 1176 1541
1647 1467 1527 1578 1319 1085
1648 1021 229 551 545 77
1649 1073 3 219 1228 180
1650 324 1081 671 489 1422
1651 1201 229 534 157 551
1652 997 1050 736 1617 500
1653 1468 1594 314 1375 217
1654 157 229 185 534 438
1655 529 1625 649 926 1197
1656 1217 1260 673 1434 819
1657 921 1395 1634 80 163
1658 1037 656 1292 812 1362
1659 600 289 637 808 775
1660 422 107 1431 584 145
1661 922 1394 600 1094 1378
1662 135 846 342 1290 844
1663
