0 1.1086712852005118
1 1.04
2 1.1213890193948395
3 1.0830863287480748
4 1.0567763557683454
5 1.1127832498239125
6 1.1976954626456036
7 1.1341789012996168
8 1.2171143050719222
9 1.0770272505528815
10 1.0722147880173682
11 1.059608682493674
12 1.0897360440134967
13 1.1755114505926858
14 1.0760012221192967
15 1.0724992368275656
16 1.0934663443304045
17 1.04
18 1.04
19 1.1721825935756915
20 1.141705979006956
21 1.0753671201955868
22 1.0596086824936741
23 1.1388123316211511
24 1.1140993460976107
25 1.179165019647885
