0 0.052217001274935435
1 0.006396588486140728
2 0.03816938853968672
3 0.022046223146675453
4 0.016057764528629913
5 0.03672564075098026
6 0.06867991784634173
7 0.05682889912170585
8 0.07982342811649476
9 0.03164276505339925
10 0.03164276505339925
11 0.042643923240938165
12 0.031146411969042595
13 0.06208000256593458
14 0.021417836406364903
15 0.022760040277011208
16 0.028824214706912786
17 0.006396588486140728
18 0.006396588486140728
19 0.06033550844315581
20 0.04831206838623215
21 0.03329484023339552
22 0.042643923240938165
23 0.04831206838623215
24 0.043579937149841715
25 0.061625666103329486
