0 1.1671624557811102
1 1.1762941238332338
2 1.2607983584869291
3 1.216434014835061
4 1.2240190130881834
5 1.3232773963482984
6 1.407617130860225
7 1.2896660615824205
8 1.3669069645878158
9 1.1524975996165834
10 1.1463565835942553
11 1.0894184036843975
12 1.2379060936122674
13 1.3858986946052745
14 1.2751241232482695
15 1.1963352816841735
16 1.3084687319716188
17 1.042061266060796
18 1.042061266060796
19 1.3664937649690276
20 1.3610909682779504
21 1.2850525629975016
22 1.2916732057016918
23 1.3176805542340413
24 1.343139101214961
25 1.1374006398746435
26 1.0864093103339287
27 1.327261872724644
28 1.2655861882910087
29 1.3603547318496974
30 1.03125
31 1.405204842081849
32 1.3276498050386691
