0
1 1221 899 322 698 1305
2 468 520 1235 57 1419
3 256 1602 343 194 197
4 1338 476 908 751 977
5 1589 1656 524 1217 1263
6 362 519 130 547 737
7 125 1206 605 367 320
8 256 1602 322 698 1305
9
10 1206 740 477 1221 1467
11 860 487 286 1092 1488
12 881 1087 738
13 1584 634 752 1575 1221
14 476 1028 1220 1121 740
15 561 1103 717 200 472
16 1342 380 1265 853 712
17 1221 1294 322 1305 328
18 1448 1631 746 995 1006
19
20 343 194 197 145 813
21 143 1350 747 38 1033
22 1221 289 899 1433 322
23 894 1154 1467 109 1393
24 1220 740 631 1635 557
25 1602 1393 1305 409 1073
26 1584 634 752 1575 13
27 1568 747 284 164 1310
28 1602 1467 1393 1326 1282
29
30 60 1235 1110 320 399
31
32 343 886 39 194 419
33 1142 1206 1647 1079 55
34 1142 57 1206 1647 320
35 1602 343 1326 1282 1305
36 1629 1416 1323 1371
37 1066 1467 1393 1282 322
38 1491 1640 561 717 200
39 374 859 640 1137 1170
40 373 355 1601 399 372
41 1154 1467 419 109 1393
42 638 151 1610 1114 1639
43 419 1025 197 1307 328
44 1662 561 1379 954 1350
45 1642 1499 1491 1662 1640
46 125 364 320 1584 1052
47 1206 634 477 1221 240
48 369 343 1153 886 39
49 1491 1640 984 561 1103
50 1602 164 343 194 419
51 468 520 60 57 1419
52 1585 714 746 1006 1129
53 1142 1028 1635 1079 1246
54 1220 1084 740 631 1240
55 57 477 66 151 1610
56 860 1219 99 1107 1092
57 60 1419 1647 55 477
58 239 1584 634 752 1575
59 286 1488 1138 1146 339
60 57 1419 364 590 1610
61 634 66 13 1221 240
62 1602 343 194 197 584
63 1635 109 1393 152 1282
64 1154 1467 322 1284 1073
65 1640 431 984 561 1379
66 1235 1647 55 477 112
67 859 640 1170
68 740 1221 1467 899 322
69 401 320 1584 634 752
70 1236 1168 582 614 1138
71 1220 740 1647 631 372
72 634 752 13 1221 240
73 986
74 902 894 631 128 1154
75 1140 880 207 1212 1475
76 617 341 744 1226 1144
77 1221 899 322 698 1305
78 1236 162 582 1181 1130
79 771
80 397 1531 1147 317 904
81 315 478 1225 216 388
82 315 216 81 1231 388
83
84 860 487 1081 134
85 447
86 634 1221 289 285 899
87 343 419 1307 409 701
88 558 966 860 487 1107
89 320 1584 1052 1575 13
90 1282 1305 328 1641 154
91 286 1092 1168 1488 1045
92 625 1662 1640 431 984
93 740 1221 289 1393 899
94 364 320 1584 1236 1575
95 1154 1066 419 109 1326
96 1219 99 406 1107 635
97
98 1313 531 286 1045 1138
99 756 1219 1107 1200 1078
100 1499 1491 1640 984 1137
101 1084 1635 557 128 1154
102 605 752 1052 55 1575
103 634 752 477 13 1221
104 179 861 495
105 783 819 1434 1287 1567
106 1168 162 1488 582 1045
107 640 1137 1103 717 472
108 558 966 860 487 1107
109 1582 1338 476 908 751
110 552 796 1313 590 1610
111 286 1488 1045 1138 339
112 1028 1121 1647 372 1246
113 634 752 1052 13 1221
114 40 740 1042 631 1240
115 60 57 552 590 1610
116 373 520 1028 1121 401
117 1559 562 1215 870 312
118 966 1107 1092 1039 1488
119 552 796 364 1313 590
120
121 1137 1103 1347 963 369
122 1491 1640 984 561 696
123 38 1033 284 164 1310
124 1028 1206 40 740 1042
125 162 697 1643 1418 1366
126 343 328 48 1641 1073
127 1236 483 1356 943 162
128 378 562 977 1220 312
129 239 634 752 1052 13
130 362 679 519 547 737
131 286 1092 1488 1200 1138
132 1103 1347 963 369 343
133 936 1233 433 1490
134 84 286 1092 1168 1488
135 902 1642 562 1499 1215
136 1467 419 1326 1307 409
137 1042 631 1079 591 289
138 397 317 216 904 1231
139 343 886 39 194 419
140 966 1107 1092 1039 1488
141 1488 1200 1146 339 1480
142 1305 328 1073 354 1318
143 1491 1640 431 561 1379
144 977 1220 1084 740 430
145 1137 1103 1347 1522 330
146 1635 128 1154 1602 1066
147 1647 477 1467 868 1433
148 552 364 367 590 638
149 756 1219 99 406 1107
150 322 1073 593 1318 713
151 1419 1110 367 1601 399
152 1338 908 751 977 1220
153 1568 1084 1635 164 1310
154 312 431 1084 631 1350
155 487 1092 1168 1488 1138
156 181 1475
157 740 634 1079 1221 289
158 1559 1128 562 1215 870
159
160 1568 1033 900 164 1310
161 320 66 151 446 693
162 125 1584 1052 1575 483
163 397 1531 1147 317 904
164 431 954 1350 747 284
165 164 1310 1025 1393 1326
166 1103 1602 343 934 886
167 344 1288 559 532
168 740 1647 1635 128 1079
169 1647 1154 1467 1393 322
170 468 60 1235 57 1419
171 1602 343 1305 328 48
172 1602 197 409 1641 1454
173 401 364 367 1601 399
174 1154 1467 109 1393 322
175 1028 740 1042 631 1240
176 1154 1467 1393 1307 1073
177 1350 747 38 1033 1602
178 1467 1393 1326 322 1303
179 104 495
180 256 1602 343 1326 1305
181 156 336 980 1309 207
182 1584 1575 1510 483 1356
183 1602 322 1305 328 1641
184 286 1488 1045 1138 339
185 1221 899 322 698 1305
186 740 634 1221 1467 289
187 1168 162 1181 697 499
188 1472 362 679 783 891
189 1142 1206 740 1647 634
190 1168 1488 1480 503 499
191
192 1635 1310 109 1393 152
193 1103 1602 343 886 39
194 1347 369 343 1153 886
195 1602 164 1310 1025 197
196 984 1103 717 954 143
197 1103 1660 48 1641 847
198 1467 322 698 1305 1073
199 312 747 1033 284 900
200 1491 561 696 1170 717
201
202 1220 1084 1635 557 128
203 552 364 605 367 1236
204 328 48 1641 1073 1112
205 1448 1631 995 1006 1129
206 740 477 1221 1467 289
207 885 880 75 336 980
208 977 1635 1154 1310 1082
209 1214 1531 1147 317 904
210 1662 431 984 1379 954
211 397 317 904 1109 1538
212 1656 524 819 1434 1287
213 1662 200 1033 900 369
214 16 712 249 1392 315
215 1221 322 698 1305 328
216 1225 81 939 1327 1423
217 902 562 1215 870 312
218 1635 1467 1310 109 1393
219 256 1602 343 194 328
220 936 433
221
222 1103 1602 369 343 886
223 1142 605 634 752 1052
224 1103 747 1602 900 164
225 318 605 1584 634 752
226 966 1219 99 1107 1039
227 1028 40 1042 430 631
228 1602 1393 1282 1305 328
229 1079 1602 1221 289 1393
230 1142 1028 401 40 355
231 125 320 1584 1052 55
232 1419 1028 1121 40 355
233 1409 877 1445
234 1602 1467 1393 1282 1305
235 476 977 1220 1121 740
236 783 188 819 891 1287
237
238 81 388 1230 1538 1634
239 483 899 697 381 58
240 318 605 1584 634 752
241 1092 1168 1488 582 339
242 1219 99 406 1107 635
243 1419 401 1110 367 320
244 483 1356 943 446 899
245 1103 696 1602 900 517
246 320 1584 634 752 1052
247 984 1103 696 200 963
248 286 1168 1488 582 1045
249 456 1415 1182 853 16
250 1222 1439 662 929 105
251 1499 1491 1640 984 561
252
253 1642 1499 1491 1662 1640
254 751 1028 1220 1084 740
255 431 747 900 164 1310
256 343 698 1649 1373 1494
257 1602 1393 1303 1307 328
258 1221 289 285 899 322
259 1602 194 197 584 121
260 431 954 1350 747 900
261 943 162 582 1045 1181
262 1137 561 1103 1379 717
263 315 478 1225 216 81
264 625 1642 1499 1491 1662
265 558 966 860 487 1092
266 380 1265 16 315 478
267 1602 343 194 419 197
268 286 1168 1488 1138 1586
269 1662 1640 431 984 561
270 1221 899 322 698 1305
271 57 1419 1206 40 355
272 1635 557 128 1079 1246
273 1602 343 194 197 145
274 594 605 1052 1236 1575
275 740 430 631 1240 1635
276 1602 343 194 419 197
277 1330 1437
278 893 618 1471 383 1558
279 468 60 1235 57 1419
280
281 476 1467 419 109 1393
282 1221 1467 899 322 698
283 747 900 164 1310 1026
284 625 1642 312 1491 1662
285 1584 634 752 1575 13
286 1138 1586 1149 1566 969
287 256 343 328 1641 1073
288 1467 1082 419 1025 1326
289 605 634 752 1052 1079
290 1305 1073 593 1112 270
291 1002 1236 1575 638 13
292 256 1154 1602 1467 1393
293 966 99 1107 1092 1039
294 1640 431 1103 1379 954
295 458 1313 286 1092 1168
296 558 966 860 487 1092
297 1338 908 751 977 312
298 1214 1531 1147 317 904
299 1280 654 618 1471 858
300 1103 1602 343 886 194
301 1028 1220 1084 740 1042
302 286 1092 1488 1200 1138
303 1103 143 1350 747 38
304 419 1326 1307 409 1641
305 487 1092 1488 1200 1078
306 1313 286 1168 1488 582
307 1221 285 899 322 698
308 1079 1221 1467 289 1294
309 1642 1499 1491 1662 1640
310 634 1221 240 1510 446
311 1142 1206 1647 634 752
312 1582 562 870 128 1033
313 1002 401 634 66 13
314 1215 1662 1033 1602 343
315 1265 636 1225 81 388
316 605 367 320 1584 1052
317 397 1531 1147 904 1231
318 1002 752 240 1356 614
319 312 431 954 143 1350
320 243 1315 246 161 391
321 343 194 197 328 48
322 1221 446 285 899 698
323 343 886 39 357 194
324 1236 1168 582 614 1045
325 1640 431 1379 954 143
326 870 747 1033 1602 284
327 125 1206 1584 634 752
328 343 886 194 584 121
329 1221 899 322 698 1305
330 1491 1640 640 1137 561
331 315 1225 216 81 388
332 1206 1052 55 1104 477
333 1084 1635 1602 164 1310
334 740 631 1240 557 128
335
336 980 181 1309 207 1212
337 1313 286 1168 162 1488
338 318 1002 1584 1575 638
339 1107 1488 1200 1078 1146
340 431 561 954 143 1350
341 744 1226 76 1144
342 1559 1128 562 1499 1215
343 256 1602 194 145 328
344 167 559 532 869
345 561 1103 200 963 38
346 605 752 1236 1575 638
347 487 286 1092 1168 1488
348 431 1103 954 1350 747
349 1221 1305 328 154 1073
350 470 376 578 1242 773
351 317 216 904 1231 388
352 1662 1033 1310 1026 1082
353 1168 483 1356 943 162
354 1103 1602 197 1305 328
355 373 520 751 1121 40
356 1602 343 886 39 194
357 1103 1379 717 954 143
358 740 634 1079 1221 240
359 1662 1103 200 38 900
360 796 1313 1236 590 943
361 1214 397 1531 1147 317
362 130 737 188 971 6
363 1602 194 1026 1082 419
364 60 367 1639 1045 1027
365 634 1079 13 1221 240
366 616 635 1039 1263
367 364 151 1639 243 643
368 590 1017 1321 1643 1646
369 640 1137 1103 696 1170
370 125 1584 634 1052 1236
371 239 1206 634 752 1052
372 401 40 355 1042 430
373 40 355 1066 591 1278
374 1137 1347 886 39
375 1142 1602 1305 1641 1073
376 893 383 578 350 1242
377 343 886 194 1082 419
378 562 870 557 128 1154
379 574
380 16 636 1569 1225 1230
381 239 1584 634 752 1052
382 552 401 364 367 320
383 893 1558 376 1242 1175
384 1647 55 477 1467 868
385 1168 1181 78 560 969
386 60 552 796 364 367
387 487 1092 1168 1488 1200
388 1265 315 636 1225 81
389 894 1154 152 1282 1080
390
391 468 520 1235 57 1419
392 1662 431 984 1103 1379
393 1235 57 1419 1110 1601
394 552 605 1236 590 638
395 431 984 561 1103 1379
396 286 1168 1488 582 1045
397 1531 1147 317 904 1231
398 1142 1647 1635 557 1079
399 1419 1121 1110 40 355
400 1142 289 446 322 698
401 1002 1042 1601 372 1516
402 322 1073 593 1318 270
403 1310 1393 1305 1307 1617
404 1103 197 1317 328 409
405 1103 1602 343 197 584
406 1532 1200 1030 1606 901
407 1206 55 1104 477 112
408 1154 1467 1282 698 1305
409 1025 1641 1112 1238 1403
410 886 194 419 197 1603
411 1488 1045 1138 1586 385
412 1410 1002 1236 1575 638
413
414 1553 519 130 547 737
415 419 1307 701 593 1112
416 256 1602 1393 1305 1307
417 1154 1467 322 1303 698
418 1602 328 48 1641 1073
419 1082 707 44 701 1261
420 320 55 1236 1575 590
421
422 640 1137 561 696 1170
423 1221 285 899 322 698
424 1602 343 194 197 328
425 1028 1220 1121 740 1042
426 1103 1602 900 369 343
427 1568 902 562 1215 870
428 256 1602 343 1305 328
429 470 893 383 376 578
430 476 908 751 977 1220
431 625 1640 1379 954 143
432 562 870 312 431 954
433 220 936 1233 133 1490
434 1214 397 1531 1147 317
435 1313 286 1092 1168 1488
436 740 1647 631 1079 1246
437 902 747 1033 1602 900
438 1221 322 698 1305 1073
439 1640 431 984 561 1103
440 1028 1121 40 355 430
441 1602 1467 289 1310 1294
442 590 638 1168 1610 1114
443 966 860 487 99 1107
444 1214 397 1531 1147 317
445 1154 1602 322 698 1305
446 1052 943 285 899 1433
447 85
448 1390 495
449 740 631 128 1079 1066
450 468 401 1206 1110 40
451 590 943 162 582 1045
452 1642 1499 1491 1640 431
453 594 605 752 1052 1236
454
455 552 590 1610 1114 1045
456 1415 1182 853 712 249
457 1236 1575 1168 483 1356
458 1138 1586 1149 1539 1273
459 1043 1038
460 1144
461 1499 1662 1640 431 984
462 397 216 904 81 1231
463 894 1467 1326 1307 1284
464 1221 322 698 1305 1073
465 552 364 1313 286 590
466 1128 1084 1635 1310 1025
467 590 638 943 162 1114
468 535 391 830 279 51
469 343 194 197 813 328
470 578 350 773 1175 429
471 1499 1491 1662 1640 431
472 1491 1640 640 1137 561
473 1393 1303 1307 409 1122
474 631 1154 164 1310 1294
475 894 977 312 1084 631
476 977 1220 1121 430 1240
477 57 1647 55 112 66
478 1182 853 16 712 249
479 216 1109 388 1538 1202
480 1103 963 369 343 1153
481 1310 419 197 1326 152
482 401 1206 40 367 320
483 239 1584 634 1575 13
484 1662 1103 1602 900 369
485
486 594 401 1206 605 320
487 84 558 860 443 905
488 870 1033 900 343 1026
489 1313 286 1092 1236 1168
490 1338 751 977 1220 1121
491 328 48 1073 1318 270
492 328 409 48 701 1641
493 1052 55 1510 483 943
494 618 1471 383 858 1558
495 179 861 448 104
496 143 747 38 1033 284
497 1265 853 16 712 249
498 322 1305 490 1284 1073
499 1584 483 1356 943 446
500 977 1220 1084 740 430
501
502 740 1647 128 1154 1602
503 99 1092 1200 1078 1146
504 38 1033 1602 343 194
505 1232 1052 477 1221 289
506 1110 1647 634 55 477
507 458 1313 286 1168 1488
508 320 1236 590 638 1510
509 60 1235 57 552 1419
510 1221 899 322 698 1305
511 618 1471 1558 299 578
512 1206 40 355 1042 1601
513 1142 1206 1647 1079 55
514 717 200 954 472 1347
515 369 343 1153 886 39
516
517 561 717 200 143 472
518 1602 1082 419 1025 197
519 1553 1222 130 547 737
520 1419 355 1518 1639 872
521 1635 1310 1393 152 1282
522 256 322 698 1305 1641
523 740 631 557 128 1079
524 1589 5 1263 1434 650
525 783 188 891 1287 1439
526 1219 99 406 1107 635
527 1254 1193 1445
528 1020
529 487 1092 1168 1488 1138
530 256 1602 197 1393 1326
531 1574 98
532 344 167 256 343 1073
533 1033 1310 1082 419 1025
534 1221 322 698 1305 1073
535 468 520 1235 1419 1028
536 1221 285 899 322 698
537 1128 562 1215 870 1662
538 256 1602 343 194 1305
539 431 1350 747 900 164
540 125 320 1584 1052 1236
541 1568 312 1084 631 747
542 558 966 860 487 1092
543 1235 1419 401 1206 1110
544 431 1103 954 1350 747
545 1221 322 1305 328 48
546 605 1584 634 752 1052
547 519 130 737 1357 971
548 431 1103 1379 954 143
549 902 312 747 1602 284
550 894 1084 557 128 1154
551 1221 322 1305 328 1073
552 590 1114 1027 386 1150
553 1033 1026 1082 419 1025
554 894 1326 328 409 48
555 1602 343 1393 1326 1305
556 1602 1393 1303 698 1305
557 378 476 908 751 977
558 860 487 265 842 570
559 344 167 1467 698 1073
560 1092 1168 1488 1200 1078
561 1491 717 200 143 472
562 378 902 1215 870 312
563 1313 286 590 1488 1045
564 1647 477 1467 440 289
565 256 343 1305 328 409
566 520 1419 1028 1121 1206
567 1662 561 200 1350 747
568 552 364 605 367 1236
569 900 517 1026 1082 419
570 558 966 860 487 1092
571 318 605 1584 634 1236
572 1602 343 194 197 328
573 1602 1310 1026 1082 419
574 379
575 594 320 55 1236 66
576 984 1103 696 963 38
577 315 636 1225 216 81
578 470 376 350 1242 773
579 908 977 1220 1084 1635
580 894 1326 328 154 1073
581 1568 1084 1635 557 164
582 1236 1575 1168 1356 162
583 1439 662 929 212 1029
584 640 1137 1103 472 1347
585
586 256 1602 343 194 197
587 1206 634 752 1052 1079
588 561 747 38 284 900
589 1154 1221 1467 899 322
590 60 57 552 1610 1114
591 373 1121 40 355 1042
592 552 1110 364 367 320
593 1467 270 384 873 1134
594 1236 614 1017 453 1321
595
596 216 1231 1109 1538 1202
597 561 1103 696 200 472
598 1154 1467 1303 698 1284
599 1642 1491 1640 431 984
600 1042 634 752 1052 1079
601 1647 1154 477 1221 1467
602 1140 995 910
603 1002 401 364 367 590
604 1602 343 194 1026 1082
605 752 1236 1575 240 289
606 1393 1307 593 1112 1316
607
608 1154 1221 322 698 1305
609 1310 1025 197 409 701
610 1584 1052 13 240 1510
611 908 751 977 1220 1084
612
613 256 1154 1602 343 1305
614 318 594 1002 605 1236
615 1191
616 366 635 1039 1589 1263
617 76 1144
618 1471 858 1558 299 511
619
620 1168 1488 582 1045 368
621 1393 322 1305 1073 593
622 1305 1454 154 354 405
623 756 1219 99 406 1107
624 1128 1215 1662 431 984
625 1642 431 1350 747 1033
626 1154 1326 1282 409 1641
627 520 1235 1419 1028 1206
628 476 1647 1635 128 477
629 977 312 1084 631 557
630 125 1002 605 367 320
631 1240 128 1079 1154 1246
632 1642 1499 1491 1662 431
633 1602 164 1310 1026 1082
634 1584 752 13 1221 240
635 366 616 1039 1589 1200
636 1342 380 1265 315 1569
637 1142 1052 477 1221 240
638 151 1114 872 243 1027
639
640 67 859 1137 1170 472
641 1647 477 1221 1467 289
642 1584 1575 483 1356 943
643 373 520 1419 1121 401
644 419 1307 409 701 593
645 239 125 1584 634 752
646 925 1349 879
647
648 256 1154 1602 343 1467
649 487 286 1092 1168 1488
650 1008 1401 1589 524 5
651 1662 984 696 200 38
652 1219 99 406 1107 635
653 1154 1221 1467 899 322
654 1280 858 299
655 216 1231 1538 1202 1634
656 256 1221 322 698 1305
657
658 343 194 419 197 121
659 562 1215 870 312 747
660 1142 740 631 1079 1221
661 561 472 1347 330 963
662 1357 1439 929 583 1029
663 740 631 128 1079 1154
664 1584 638 483 1356 943
665 984 696 200 472 1347
666 740 631 128 1079 1066
667 1467 1310 1026 1082 419
668
669 1221 285 899 322 698
670 1103 963 900 517 369
671 1236 1168 582 614 1045
672 986
673 1589 1656 524 1217 5
674 1221 285 899 322 698
675 783 1217 819 891 1434
676 256 1154 1602 1467 1393
677 1602 1305 328 1641 1073
678 520 57 1419 1028 1121
679 743 130 188 766 1314
680 1235 57 1419 1121 1110
681 431 561 954 143 1350
682 1221 328 1073 593 1318
683 894 256 1154 1602 1326
684 1002 1236 1575 638 13
685 354 622 1210 222 629
686 552 796 364 1313 590
687 740 1647 557 128 1154
688 322 698 1305 1641 1073
689 162 582 368 182 499
690 378 894 977 1220 1084
691 1602 164 343 194 1310
692 1142 594 605 752 1052
693 605 634 752 1079 1236
694 1103 369 343 886 39
695 1338 908 751 977 1220
696 1491 1640 984 1379 717
697 239 125 1584 1052 1575
698 256 899 322 1498 310
699 1168 1488 1138 1480 503
700 1602 343 194 1026 419
701 343 886 194 419 584
702 894 1154 1602 164 1310
703 143 1350 747 38 1033
704 594 1002 1236 638 1168
705
706 1236 590 638 943 162
707 1491 984 561 696 1170
708 1214 397 1531 1147 904
709 520 1028 401 1206 1110
710 634 1221 289 285 899
711 631 1635 557 1079 1154
712 456 1415 1182 853 16
713 1206 477 868 899 322
714 1590 1585 746 52 1457
715 1128 1662 984 696 1379
716 378 894 562 870 977
717 1491 1640 1137 561 696
718 520 1028 1121 40 355
719 870 431 747 38 1033
720 1568 312 431 631 747
721 1568 1084 1635 557 1154
722 740 1647 477 1221 1467
723 558 966 860 487 1092
724 552 1110 364 367 399
725 1338 378 908 751 977
726 1602 343 194 1082 419
727 1602 1310 1305 409 1641
728 634 1221 285 899 322
729 1568 562 1215 870 312
730 1584 1052 1575 13 1510
731 1221 289 285 899 322
732 125 605 320 752 1052
733 1168 483 1356 943 162
734 1103 1602 900 517 369
735 1602 343 194 1305 328
736 1220 740 1647 430 1635
737 362 519 130 547 1357
738 12 756 1219 99 406
739 1338 378 908 751 1220
740 128 1561 1066 739 1278
741 458 60 552 796 364
742 256 1602 343 197 1326
743 1472 679 891 1132 1257
744 341 1226 76 1144
745 343 194 419 197 1326
746 1590 1585 714 52 910
747 625 1128 431 954 1350
748 1474
749 679 188 891 1357 1287
750
751 1338 1084 355 430 1240
752 318 605 634 1575 13
753
754 986
755 1002 364 367 590 638
756 1219 99 1415 1182 1078
757 1206 320 634 752 1052
758 1265 315 636 1225 216
759 1642 1499 870 1491 1662
760 590 943 162 582 1045
761 315 636 1225 216 81
762 1313 286 590 1168 1114
763 1154 1602 1221 1467 322
764 1214 1295 927 434 209
765 164 1310 1025 197 1307
766 679 891 1439 662 929
767 973
768 216 1231 1538 1202 1634
769 634 1079 1221 240 289
770 256 1602 343 322 1305
771 79 1265 315 636 1225
772 239 125 1584 634 752
773 470 1558 376 578 350
774 594 605 1236 590 151
775 1142 1028 1647 372 1052
776 1499 1215 1662 1103 696
777 1128 908 562 870 977
778 401 1206 1110 40 605
779 740 631 1240 1635 557
780 256 343 1305 328 48
781 1168 1488 582 1045 1181
782 1568 902 562 870 312
783 1507 1217 188 891 1287
784 1221 899 322 698 1305
785 60 1235 57 1419 1110
786
787 1467 1393 1282 322 1303
788 483 1356 943 446 899
789 1103 200 1522 963 369
790 256 1602 1393 1326 1305
791
792 343 194 1082 419 1025
793 1647 1079 1104 477 112
794 1074
795 1219 99 1107 1039 1371
796 1425 1313 386 1600 110
797 256 1602 343 197 1326
798 1236 1168 1488 582 614
799 594 605 320 752 1052
800 966 1313 1092 1488 1200
801 1467 419 1393 1307 409
802
803 1002 1584 1236 1575 638
804 1128 562 1215 870 312
805 1602 164 343 194 1310
806 1028 1220 1647 1635 1246
807 1121 740 1647 557 128
808 1142 1028 1121 1206 40
809 1154 1066 1467 109 1393
810 1640 431 984 561 1379
811 1221 899 322 698 1305
812 1142 1206 1647 1052 1079
813 1137 1103 1347 330 963
814 256 1154 1467 322 698
815 1393 322 1284 1073 593
816 1028 1206 1647 372 1079
817 966 1107 1092 1488 1200
818 1222 519 130 547 737
819 1656 1434 650 1287 1567
820
821 1128 562 870 312 1350
822 256 1602 343 194 197
823 1154 1602 1393 1326 1305
824 740 1221 1467 899 322
825 984 561 954 143 1350
826 373 378 894 977 355
827 747 38 1033 1602 284
828 1602 1467 1393 1303 698
829 1568 908 1084 1635 557
830 468 1235 1419 1110 320
831 343 194 328 48 1073
832 1028 1121 1647 1240 1601
833 343 886 194 419 197
834 1154 1602 1467 322 1305
835 984 1103 472 1347 1522
836 1602 1066 109 1393 1326
837 194 419 197 121 328
838 60 590 943 1610 162
839 1602 343 194 419 197
840 312 747 164 1310 109
841 1154 1467 899 322 1303
842 558 860 487 1107 1092
843 1128 1568 562 1215 870
844 1662 431 1379 954 143
845 1103 143 38 900 517
846 625 1662 431 984 1379
847 1137 1103 472 1347 1522
848 1103 1602 343 357 194
849 1467 1393 1282 698 1307
850 1584 1575 13 1510 483
851
852 1393 698 1305 1073 1318
853 456 1415 1182 16 712
854 1499 1662 984 1103 696
855 740 128 1079 1154 1066
856 125 1002 1206 605 367
857 1602 1467 1393 1303 1305
858 1280 654 618 1471 1558
859 67 640 1137 1170 1347
860 84 558 487 56 1304
861 104 495
862 1154 1467 1307 409 1073
863 1103 963 369 343 1153
864 458 1313 286 1168 1488
865 1568 1084 1635 557 128
866 1107 1092 1039 1488 1200
867 1142 1635 1467 289 1076
868 1235 57 1647 55 1104
869 344 894 740 631 128
870 378 902 562 1215 312
871 894 631 1635 557 128
872 520 1235 1419 1028 401
873 740 430 557 128 1154
874 1472 743 679 1222 188
875 1028 1121 40 355 740
876 256 1602 343 194 197
877 233
878 1491 1640 640 1137 561
879 1636 646 925 859 1491
880 75 1006 207 1212 1475
881 12 1219 99 406 1107
882 894 1154 1602 1310 1326
883 552 796 364 367 1236
884 364 367 590 151 1114
885 207 1212 1475
886 374 640 1137 472 1347
887 1582 1128 1338 1568 902
888
889 487 1092 1168 1488 1200
890 1028 1220 430 631 1240
891 1507 743 783 188 1287
892 1236 1168 1114 582 614
893 383 376 1242 1175 429
894 902 1215 1154 1066 1080
895 194 419 1326 1307 328
896 1154 1221 1467 1393 322
897 1215 870 747 1033 284
898 1313 590 1114 582 1045
899 239 1584 1052 1221 1510
900 431 1379 954 1350 747
901 1219 99 406 1107 635
902 894 562 1215 870 1066
903 747 38 284 517 164
904 1214 397 1531 1147 317
905 966 487 1092 1488 1200
906 256 1602 322 1305 328
907 1221 285 322 698 1305
908 1084 430 1635 557 739
909 1499 431 984 1103 1379
910 602 746 995 1006 1129
911 1103 963 369 343 1153
912
913 1662 431 984 561 696
914 634 752 13 1221 240
915 1602 1221 1305 328 354
916 747 38 1602 284 900
917 401 1110 320 1601 399
918 986
919 1221 289 285 899 322
920
921 1214 397 1531 1147 317
922 634 752 1575 13 1221
923 1154 1467 1393 322 698
924 125 1002 364 605 367
925 646 1170 1349 879
926 966 487 1092 1488 1200
927 388 1230 1295 939 1327
928 1219 99 406 1107 635
929 547 1357 1439 414 662
930 631 1240 128 1079 1154
931 1215 870 1662 431 984
932 1313 286 1114 1488 1045
933 1103 1602 343 886 39
934 1491 1640 640 1137 561
935 1393 1307 1641 1073 593
936 220 1233 133 433
937 634 1079 1221 240 289
938 1484 1264
939 1265 315 478 636 1225
940 1103 369 343 1153 886
941 1313 286 1488 1045 1138
942 1103 369 343 1153 886
943 1584 13 1510 483 1356
944 1235 1002 401 1110 367
945 1028 1220 1121 740 1042
946 1103 963 1602 369 194
947 737 1357 971 1463 1439
948 1313 286 590 1168 1114
949 994 1368
950 1206 1647 320 1052 55
951 401 364 638 1114 582
952 13 1221 285 899 322
953 1496 1272 1545 1571
954 1640 431 1379 143 1350
955 369 343 886 39 194
956 605 1584 634 752 1052
957 128 1066 1467 109 1393
958 286 1168 162 1488 582
959 747 900 164 1310 1026
960 458 1313 286 1168 1114
961 1214 397 1531 1147 317
962 216 81 1231 1109 388
963 640 1137 561 696 1170
964 747 164 325 121 1326
965 752 1575 13 240 1510
966 226 293 118 817 1493
967 1313 286 1045 1138 1146
968 1236 590 1168 483 1356
969 286 1168 1138 1586 385
970 1084 631 1635 557 128
971 362 519 130 547 737
972 256 1602 343 194 419
973 767
974 1553 1463
975 343 194 1082 419 1025
976 594 605 1236 1168 1356
977 1582 476 1084 430 1240
978 1033 343 194 1026 1082
979 38 1602 900 164 194
980 1387 336 181 1309 207
981 1647 1467 1076 1393 1498
982 1154 1310 109 1025 1393
983 634 1221 285 899 322
984 1559 696 1379 1033 1089
985 1079 164 1310 1294 1305
986 672 754 918 73 1484
987 1092 1488 1045 1138 1146
988 1310 1026 1082 419 1025
989 1028 740 1042 1647 631
990 256 1602 343 194 197
991 966 487 1092 1488 1200
992 286 1092 1488 1045 1138
993 1221 899 322 698 1305
994 949 1368
995 602 1140 1006 1129 205
996 1647 1079 477 112 66
997 1568 908 977 1220 1084
998 558 487 286 1092 1168
999 1121 740 1647 430 1240
1000 343 419 197 1326 1307
1001 1193 1445
1002 318 401 614 1378 1017
1003 1602 1393 1282 1303 1305
1004 315 1225 216 81 388
1005 1602 197 409 701 1641
1006 1448 880 995 1129 205
1007 1425
1008 1401 650
1009 1647 1635 477 1467 1076
1010 1490
1011 125 364 367 320 1584
1012 756 1219 99 406 1107
1013 1221 1467 899 322 698
1014 312 1084 1635 164 1310
1015 125 1052 1575 13 1510
1016 1640 984 640 1137 561
1017 594 1002 66 446 614
1018 594 1002 605 1052 1236
1019 1154 1602 1326 152 1282
1020 528
1021 1221 1393 322 698 1305
1022 558 966 487 286 1092
1023
1024 320 1584 752 1052 1236
1025 561 38 1033 284 517
1026 625 1662 1640 431 1379
1027 552 364 399 590 638
1028 1042 1246 232 112 1514
1029 1553 130 547 737 1357
1030 1219 99 406 1107 635
1031 315 636 216 81 388
1032 1219 99 406 1107 635
1033 1559 625 1128 312 1662
1034 312 747 284 325 1326
1035 1584 1052 1236 1575 13
1036 419 1393 1326 152 1307
1037 1142 1206 1647 634 752
1038 1574 1043 459
1039 366 616 1107 635 1200
1040 286 590 1488 1045 368
1041 1222 519 130 547 737
1042 1028 401 1601 372 1079
1043 459 1038
1044
1045 364 1313 1138 173 386
1046
1047 1142 1028 1121 1042 1647
1048 740 1221 1467 899 322
1049 1103 696 200 963 517
1050 894 740 631 1240 1635
1051 125 605 320 1584 1052
1052 289 1510 446 899 162
1053
1054 740 128 1079 1154 1066
1055 1265 315 636 1225 216
1056 1602 343 357 194 197
1057 373 378 476 751 977
1058 1128 562 1215 870 312
1059 1491 1640 1137 561 696
1060 1568 1084 747 1033 164
1061 552 1110 364 367 590
1062 819 1434 1287 1439 1567
1063 902 562 870 312 431
1064 1582 1128 1338 1568 908
1065 1584 1052 1236 1575 1168
1066 373 378 476 902 751
1067 1206 740 1647 631 1079
1068 1393 1307 1080 1073 593
1069 561 717 200 954 143
1070 1491 1640 640 1137 561
1071 1640 640 1137 561 696
1072 894 1602 109 1393 1326
1073 343 328 270 1649 674
1074 794 1390
1075 1499 984 561 1103 696
1076 476 1028 1121 355 1647
1077 1564
1078 1192 756 1219 99 1107
1079 1042 631 372 1246 591
1080 1582 1568 902 894 562
1081 84 286 1092 1236 1168
1082 1662 561 200 143 38
1083 1602 343 194 197 584
1084 1338 908 751 977 1240
1085 1220 1647 1635 477 112
1086 1142 1002 1206 634 752
1087 12 756 1219 99 406
1088 1092 1488 1200 1078 1146
1089 1491 1640 984 561 696
1090 1103 1347 1522 330 963
1091 1602 197 1393 1326 152
1092 1078 503 1259 1227 56
1093 1491 1640 984 640 1137
1094 401 1110 1042 320 634
1095 1310 1025 1393 1326 152
1096 125 594 1002 401 1206
1097 1154 1467 322 698 1305
1098 747 38 1033 284 900
1099 1647 1154 1467 109 1393
1100 1310 1026 1082 419 1025
1101 1221 289 322 698 1305
1102 1305 328 1073 890 1318
1103 369 357 197 1603 584
1104 1121 40 355 430 372
1105 1313 286 1092 1168 1488
1106 552 1313 590 1114 1045
1107 99 1039 1371 1200 1078
1108 547 737 1357 971 1463
1109 1214 397 1531 1147 317
1110 1235 399 393 151 1610
1111 1002 401 1110 1042 1601
1112 197 409 1641 1403 123
1113 520 1419 1028 401 1206
1114 552 590 638 151 872
1115 1168 162 1488 697 1146
1116 594 605 1236 1168 1356
1117 1103 1602 343 194 419
1118 520 401 40 355 1042
1119 1338 908 751 977 1220
1120 1214 397 1531 1147 317
1121 476 1419 355 430 1240
1122 1338 908 751 977 1220
1123 343 194 419 197 145
1124 1220 1647 1635 1467 1310
1125 1103 1602 343 886 194
1126 60 1235 57 552 1419
1127 1028 740 1042 631 634
1128 747 1033 1064 843 777
1129 1448 1631 995 1006 205
1130 1584 1575 13 1510 483
1131 1568 747 164 1310 1026
1132 1507 743 1656 783 1217
1133 1602 1305 354 405 890
1134 1142 1647 1104 477 112
1135 60 552 796 364 367
1136 125 594 1206 320 1052
1137 374 859 640 1170 717
1138 458 1313 286 1045 1184
1139 472 1347 1522 330 963
1140 602 75 995
1141 1206 128 1079 1154 1066
1142 223 692 1134 53 1527
1143 312 1084 631 747 284
1144 460 617 341 744 1226
1145 343 194 197 1326 328
1146 99 1107 1039 1371 1200
1147 1214 397 1531 317 904
1148 594 605 752 1052 1236
1149 458 552 1313 286 1045
1150 552 364 1313 590 1610
1151 1221 1510 943 446 868
1152 194 1310 1026 419 1025
1153 859 1491 1640 640 1137
1154 378 894 1215 977 631
1155 322 1073 593 713 270
1156 1602 369 343 1093 886
1157 894 1602 343 194 1326
1158 1287 1439 662 929 1251
1159 164 1310 1025 197 1305
1160 552 796 1313 286 590
1161 60 364 55 590 638
1162 1439 662 929 1251 105
1163 1206 1647 1052 55 1104
1164
1165 378 908 751 977 1220
1166
1167 594 1002 401 1206 1110
1168 1236 1575 582 385 704
1169 1028 1042 1647 1601 372
1170 67 925 859 640 1137
1171 1326 1307 409 701 1641
1172 1217 819 891 1434 1287
1173 1028 1121 40 355 740
1174 401 367 1584 752 13
1175 470 893 383 376 578
1176 552 364 590 638 393
1177 1221 285 899 322 698
1178 561 1103 696 717 200
1179
1180 1222 188 891 1357 971
1181 1584 1575 13 1510 483
1182 756 456 1415 853 712
1183 1103 963 517 369 343
1184 1200 1078 1138 1146 339
1185 367 399 55 590 638
1186 1602 343 197 328 409
1187 364 1313 590 638 1114
1188 1235 57 1110 1647 320
1189 256 1602 343 194 419
1190 679 1222 519 130 547
1191 615
1192 1078
1193 1001 1254 527 1445
1194 894 1220 740 631 1240
1195 286 1168 1114 1488 582
1196 373 378 977 1220 1121
1197 966 487 286 1092 1488
1198 1602 343 194 197 1326
1199 894 1602 164 1310 197
1200 1219 99 406 1107 635
1201 256 1602 343 1305 328
1202 1214 397 1531 1147 317
1203 343 194 328 48 701
1204 1079 1294 1393 1303 1305
1205 286 1168 162 1114 1488
1206 627 713 332 1455 512
1207 1662 1640 431 1103 1379
1208 1128 1568 902 562 1215
1209 558 966 860 487 1107
1210 1338 1568 908 312 1084
1211 1045 499 1586 385 689
1212 885 1387 880 75 336
1213
1214 1531 1147 904 1109 1202
1215 1582 902 894 562 1499
1216 378 902 894 562 870
1217 1656 783 5 1434 1287
1218 1221 899 322 698 1305
1219 756 99 1200 1078 1030
1220 476 430 1240 1635 557
1221 1584 634 13 240 1510
1222 1472 519 250 1275 1041
1223 1490
1224 1491 984 561 1103 696
1225 380 1265 315 478 636
1226 341 744 76 1144
1227 99 1107 1092 1039 1371
1228 256 1602 343 194 197
1229 1168 162 1181 697 499
1230 1342 380 1265 315 636
1231 397 1531 1147 317 904
1232 505
1233 936 133 433 1490
1234 1602 1221 1305 328 1073
1235 1110 66 393 1610 868
1236 594 605 1575 1168 1356
1237 318 605 1584 1236 1575
1238 38 284 1310 1026 1082
1239 1635 1602 1467 1310 419
1240 476 751 977 1220 1121
1241 1142 1028 740 1042 631
1242 893 383 376 578 350
1243 487 286 1092 1488 1200
1244 1596 1642 1499 1491 1662
1245 1214 1531 1147 317 904
1246 1028 1121 40 355 1042
1247 458 1313 286 1114 1488
1248 1221 899 322 698 1305
1249 966 860 487 1092 1488
1250 1220 1647 1635 557 128
1251 783 1217 819 1434 1287
1252 256 1602 343 1326 701
1253 320 590 638 943 1610
1254 527 1193 1445
1255 1002 605 1584 1575 590
1256 1002 401 1110 364 605
1257 743 783 1217 819 891
1258 562 1215 870 312 747
1259 756 1219 99 1107 1092
1260 1589 1656 524 1217 5
1261 1662 984 561 696 200
1262 1084 1635 557 164 1310
1263 366 616 1589 1656 524
1264 1557 938 986
1265 16 315 636 1225 388
1266
1267 125 594 605 1584 634
1268 343 194 419 197 328
1269 1028 1220 1121 740 1042
1270 1092 1488 1200 1078 1138
1271 552 364 367 1313 590
1272 1496 953 1545 1571
1273 458 796 1313 286 590
1274 343 194 328 409 48
1275 1222 188 1357 1439 414
1276 388 1295 927 939 434
1277 679 1222 130 547 188
1278 373 476 751 977 1220
1279 1154 1467 322 698 1284
1280 654 858 299
1281 239 125 1584 634 1052
1282 378 908 977 1220 312
1283 552 364 1313 590 638
1284 1582 1338 476 908 751
1285 1142 1206 1647 1052 1079
1286 343 886 194 419 197
1287 1507 783 1217 188 819
1288 167 256 343 194 328
1289 364 320 638 1510 151
1290 625 902 1642 562 1499
1291 1236 1356 943 446 162
1292 1142 1206 634 1052 477
1293 256 343 419 409 701
1294 1028 40 355 1042 430
1295 927 209 361 764 1276
1296 1220 740 430 631 1240
1297 1602 343 886 357 194
1298 143 1350 747 38 284
1299 369 343 1153 886 39
1300 1662 561 696 200 472
1301 1491 1640 640 1137 561
1302 1214 216 904 1231 1109
1303 1220 1121 1647 430 1635
1304 860 99 1107 1092 1039
1305 1221 240 289 223 354
1306 1310 419 1025 1393 152
1307 1635 1310 1076 109 1393
1308 1028 1220 1121 430 631
1309 1387 336 1571 980 181
1310 1568 747 164 1294 152
1311 984 1137 561 1103 696
1312 322 698 713 270 1316
1313 796 1045 1138 386 1150
1314 362 679 1222 519 130
1315 1235 1419 401 1110 320
1316 1393 1433 310 1659 832
1317 1491 1640 431 984 561
1318 894 740 128 1154 1066
1319 57 1419 1110 40 1042
1320 256 1602 343 194 1326
1321 594 1002 582 614 1017
1322 558 966 487 286 1092
1323 1416 36
1324 594 605 320 752 1052
1325
1326 562 870 312 740 128
1327 315 478 636 1225 216
1328 1602 343 197 1305 328
1329 401 364 367 1601 399
1330 277
1331 870 747 1033 1602 900
1332 1028 1110 40 1042 631
1333 1215 343 194 1026 1082
1334 1221 289 285 899 322
1335 1221 322 1305 1073 1318
1336 1582 1338 378 476 908
1337 1393 322 698 1305 1073
1338 751 1084 1561 739 109
1339 1640 431 984 1103 1379
1340
1341 397 1531 1147 317 216
1342 16 636 1230 1611 1402
1343 458 552 1313 286 590
1344 1137 1103 717 200 472
1345 1236 1168 162 582 614
1346 1206 740 634 752 1079
1347 374 859 640 1137 1170
1348 322 1305 1073 593 1318
1349 1636 646 925 1491 1640
1350 625 1642 1640 431 1379
1351 625 1662 1640 431 984
1352 1602 343 194 1026 1082
1353 1635 1467 1310 109 1393
1354 902 870 312 431 1350
1355 343 194 1026 1082 419
1356 318 605 1584 634 752
1357 547 737 971 1463 414
1358 458 1313 286 1488 1045
1359
1360 1221 1305 1073 1318 270
1361 431 954 1350 747 284
1362 740 634 1079 13 1221
1363 552 364 1313 590 638
1364 343 194 419 197 1326
1365 216 1231 1109 1538 1634
1366 239 125 320 1584 634
1367 286 1168 1488 1138 1146
1368 994 949
1369 1635 1602 900 164 1310
1370
1371 1629 1107 1200 1078 1146
1372 1137 1103 717 954 472
1373 256 1221 1305 328 1073
1374 55 590 638 483 151
1375 1568 902 562 870 312
1376 256 740 1154 1602 1066
1377 1635 1310 419 1025 1393
1378 1002 605 1584 634 752
1379 1491 1640 431 984 696
1380 483 1356 943 446 162
1381 1390
1382 401 1206 1110 367 320
1383 55 477 66 289 446
1384 38 1033 1602 900 164
1385 1079 1467 1393 1303 698
1386 1028 40 355 1042 631
1387 1631 980 1309 1212
1388 1103 472 1347 963 517
1389 1602 343 194 419 197
1390 1381 448 1074
1391 431 1103 954 1350 747
1392 456 1415 1182 853 16
1393 1647 1635 1467 1076 1498
1394 1028 1206 740 1042 631
1395 1214 397 1531 1147 317
1396
1397 1073 593 1112 270 1649
1398 558 966 860 487 1092
1399 1642 1499 1491 1640 431
1400 320 1052 55 477 66
1401 1008 650
1402 1342 1265 315 636 1225
1403 1103 1602 343 194 197
1404 1215 870 431 984 1379
1405 1313 286 590 1045 368
1406 796 1236 590 638 943
1407 1568 902 894 562 870
1408 1568 1635 1310 109 1294
1409 233
1410 412
1411 1052 1221 1510 446 868
1412 364 1584 1236 1575 590
1413 1142 1647 1635 128 1079
1414
1415 756 456 1182 853 712
1416 1323 36
1417 1236 1168 162 582 614
1418 125 1052 1510 483 943
1419 520 60 57 1121 399
1420 1662 1602 343 194 1082
1421 1219 99 406 1107 635
1422 605 1236 1575 1168 1356
1423 216 1634 927 939 921
1424 125 605 320 1584 634
1425 1007 796 741
1426
1427 1142 1206 1042 1647 320
1428
1429 894 631 557 1079 1154
1430 256 1602 343 1221 322
1431 984 640 1137 561 1103
1432 1582 977 312 1084 1240
1433 1647 372 1079 477 112
1434 1656 524 1217 5 819
1435 902 312 631 747 164
1436 870 1033 164 1310 1082
1437 277 1484
1438 594 57 1419 401 1206
1439 662 929 583 250 1162
1440 57 1206 1647 55 477
1441 1467 1393 1305 1307 409
1442 1602 343 194 197 121
1443 1215 870 747 1033 1602
1444 1236 590 483 1356 943
1445 1001 1254 527 1193 233
1446 1602 343 419 1025 197
1447 966 286 1092 1488 1200
1448 1006 1129 205 18
1449 1596 1642 1491 1640 561
1450 1236 1168 483 1356 943
1451 1568 1084 631 1635 557
1452 1103 200 369 343 1093
1453 1419 1028 401 1206 1110
1454 431 954 1350 747 900
1455 1206 1052 446 868 285
1456 1103 1602 517 369 343
1457 1585 714 746 995 1006
1458 1128 562 1215 870 312
1459 1584 1510 483 1356 943
1460 634 752 1575 13 1221
1461 286 1168 1114 582 1045
1462 1219 99 406 1107 635
1463 974 1553 519 130 547
1464 1568 1084 1635 557 1079
1465 194 419 1025 197 325
1466 634 752 13 1221 240
1467 1647 477 1278 1076 1393
1468 562 1215 870 1662 696
1469 984 1103 954 143 963
1470 458 1313 286 1488 1045
1471 618 858 1558 299 511
1472 743 1222 188 874
1473 239 125 320 1584 634
1474 748
1475 156 885 880 75 336
1476 1214 397 1531 1147 317
1477 1310 1393 1305 354 405
1478 891 1439 662 929 1251
1479 1662 200 38 1033 1026
1480 1200 1146 339 503 1030
1481 1168 162 1488 582 1045
1482 1647 1467 1294 1393 322
1483 1103 1602 343 197 584
1484 938 1437 986
1485 590 943 162 1114 582
1486
1487 477 1221 289 899 322
1488 339 56 866 226 293
1489 594 552 605 367 320
1490 1010 1223 1233 133 433
1491 1640 561 696 1379 717
1492 1662 431 984 1103 1379
1493 966 1107 286 1092 1488
1494 256 1221 899 322 698
1495 1221 289 1076 285 899
1496 1272 953 1545 1571
1497 1103 369 343 886 357
1498 1235 1110 1647 1601 55
1499 1596 1642 1215 1662 100
1500 318 1002 605 1584 634
1501 312 1084 1635 164 739
1502 343 886 39 194 197
1503 1584 1236 13 483 1356
1504 286 1092 1488 1200 1045
1505
1506 1635 1467 1310 1025 1393
1507 783 891 1287 1132
1508 1128 562 1215 870 312
1509 631 1635 747 164 1310
1510 1584 634 752 1052 1575
1511 1602 343 197 1305 328
1512 631 1079 1154 1221 289
1513 1305 1073 593 354 405
1514 1419 1028 1121 40 355
1515 487 1092 1168 1488 1146
1516 401 40 355 1042 631
1517 38 1602 164 343 194
1518 520 1235 57 1419 1121
1519 318 1002 605 1584 634
1520 1028 1220 1121 740 1042
1521 401 1110 1601 399 590
1522 859 1491 640 1137 561
1523 1214 397 1531 1147 317
1524 561 38 284 164 1310
1525 1221 1467 322 698 1305
1526 322 1073 593 1318 270
1527 1142 1235 57 1028 1647
1528 1142 1206 1052 477 240
1529 256 1602 343 1467 419
1530 1221 1467 109 322 1303
1531 1214 397 1147 317 904
1532 406
1533 1640 984 640 1137 561
1534 1602 1282 1305 593 354
1535 1635 1467 1393 1303 1307
1536 1635 1467 1310 1025 1393
1537 239 634 752 1052 1079
1538 397 1147 317 904 1231
1539 458 1313 286 1114 1488
1540 1647 477 112 1066 1467
1541 520 401 1206 1110 40
1542 1103 1347 963 369 1070
1543 1219 99 406 1107 635
1544 1206 1647 1052 477 1221
1545 1496 1272 953 1571
1546 1310 109 1393 1326 152
1547 1154 1467 1393 152 1282
1548 378 902 562 1215 870
1549 870 143 747 38 1033
1550 977 1220 1121 1084 355
1551 1168 162 1114 1488 582
1552 1350 747 38 284 900
1553 974 519 1463 414 1029
1554 1142 1206 752 1052 55
1555 1206 1042 1647 372 1052
1556 902 894 870 1084 557
1557 1264
1558 618 1471 383 858 299
1559 984 1033 117 158 342
1560 605 1584 634 752 1052
1561 1338 476 751 977 1220
1562 1265 315 636 1225 216
1563 401 1206 1110 367 320
1564 1077 380 456 1415 1182
1565 1221 1467 322 698 1305
1566 286 1200 1045 1138 1146
1567 1589 1656 524 5 1263
1568 1310 1080 1064 843 1210
1569 380 1415 1182 853 16
1570 1235 1647 320 55 477
1571 1496 1272 953 1545 1309
1572 477 1221 1467 440 289
1573 256 1602 1310 1393 1326
1574 531 1038
1575 605 752 1236 13 1168
1576 431 1379 954 143 1350
1577 1103 1602 369 343 886
1578 1206 1647 55 1104 477
1579 894 1154 1602 1467 109
1580
1581 343 194 419 197 584
1582 1215 977 312 109 1284
1583 1662 1103 200 38 900
1584 634 13 1221 240 1510
1585 1590 714 746 52 1457
1586 458 1313 286 1045 1138
1587 594 605 752 1052 1236
1588 740 1154 1066 1467 322
1589 616 635 524 5 1263
1590 1585 714 746
1591 468 1419 401 1206 1110
1592 378 908 894 977 1220
1593 1028 355 740 1042 631
1594 1128 1215 870 1662 747
1595 1221 899 322 698 1305
1596 1642 1499 1449 1244
1597 1313 286 1488 1045 1138
1598 1154 1467 1307 1641 1284
1599 1154 1602 1066 1467 1393
1600 60 796 364 367 1313
1601 401 40 1042 399 372
1602 343 1641 946 354 405
1603 640 1137 561 1103 696
1604 256 1602 343 194 419
1605 594 605 1052 1236 66
1606 1219 99 406 1107 1039
1607 984 561 696 1379 717
1608 894 312 1084 631 557
1609 446 582 614 1130 1017
1610 60 1235 57 1110 1601
1611 1342 380 1265 853 16
1612 1236 1575 1168 1356 943
1613 1221 1305 1073 593 1318
1614 1033 369 343 886 194
1615 1635 1079 1066 1467 289
1616 1002 1313 590 1168 1610
1617 1220 1121 1647 430 1240
1618 870 696 1033 900 1026
1619 1602 343 194 1026 1082
1620 1662 431 1103 1379 954
1621 1602 1467 1393 1305 1307
1622 1467 1393 1282 322 1303
1623 256 343 194 419 1326
1624 343 194 197 1326 328
1625 558 966 860 487 286
1626 1602 343 194 197 121
1627 1033 1602 343 194 1082
1628 286 1488 1045 1138 1146
1629 1371 36
1630 1602 164 343 419 1025
1631 1387 1129 205 18
1632
1633 1338 902 751 894 562
1634 397 1531 1147 317 904
1635 908 977 1220 1121 1084
1636 1349 879
1637
1638 984 561 696 1379 717
1639 520 60 364 40 367
1640 1491 431 696 1379 717
1641 1602 343 197 409 946
1642 1596 625 1499 1662 1350
1643 125 1584 1052 1575 1510
1644 1602 1305 328 1073 354
1645 902 894 562 1084 557
1646 60 1110 1601 399 590
1647 57 477 112 66 1467
1648 322 1305 328 1073 593
1649 256 343 328 1073 270
1650 1236 1168 1488 582 614
1651 1221 1305 328 1073 1318
1652 1220 1084 430 1240 1635
1653 1215 1662 747 1033 284
1654 1221 289 285 899 322
1655 558 966 487 1092 1168
1656 1217 5 1263 819 1434
1657 397 1531 1147 317 904
1658 1221 899 322 698 1305
1659 752 1052 1079 240 289
1660 640 1137 561 1103 717
1661 401 1042 634 752 372
1662 1642 1499 1215 1033 284
1663
