0 1.167451042290782
1 1.353752417680263
2 1.3173901935459933
3 1.0539969243467757
4 1.2041825051716146
5 1.2926841943996186
6 1.0539969243467757
7 1.3343940085078887
8 1.3353601497137901
9 1.1636954200417113
10 1.3029367897521358
11 1.177446034952818
12 1.2517941697120307
13 1.326070515553342
14 1.3533433233252918
15 1.1162922300219753
16 1.3566863935488616
17 1.201916753221285
18 1.2430154461740772
19 1.112285572034591
20 1.24767028107834
21 1.2901910633506226
22 1.1713564628610682
23 1.1852474170469143
24 1.2172164185631682
25 1.284839882717498
