0 0 4 23 7 24 25 9 26 10 27 11 28
1 32 1 2 3 8 12 13 14 15 19 20 21 22 29
2 32 1 2 3 5 6 8 12 13 14 15 16 19 20 21 22 29 31
3 32 1 2 3 5 6 8 12 13 15 16 19 20 21 22 31
4 0 4 5 6 7 9 10 16 19 20 23 24 25 27 28 29 31
5 32 2 3 4 5 6 7 8 13 14 16 19 20 21 22 23 24 27 28 29 31
6 32 2 3 4 5 6 7 8 12 13 14 15 16 19 20 21 22 23 24 27 28 29 31
7 0 4 5 6 7 8 9 10 13 16 19 20 23 24 25 27 28 29 31
8 32 1 2 3 5 6 7 8 12 13 14 15 16 19 20 21 22 23 24 27 29 31
9 0 4 23 7 24 25 9 26 10 11 28
10 0 4 23 7 24 25 9 26 10 11 28
11 0 25 9 26 10 11
12 32 1 2 3 6 8 12 13 14 15 19 20 21 22 27 29 31
13 32 1 2 3 5 6 7 8 12 13 14 15 16 19 20 21 22 23 24 27 28 29 31
14 32 1 2 5 6 8 12 13 14 15 16 19 20 21 22 23 24 27 29 31
15 32 1 2 3 6 8 12 13 14 15 19 20 21 22 31
16 32 2 3 4 5 6 7 8 13 14 16 19 20 21 22 23 24 27 28 29 31
17 17 18
18 17 18
19 32 1 2 3 4 5 6 7 8 12 13 14 15 16 19 20 21 22 23 24 27 28 29 31
20 32 1 2 3 4 5 6 7 8 12 13 14 15 16 19 20 21 22 23 24 27 28 29 31
21 32 1 2 3 5 6 8 12 13 14 15 16 19 20 21 22 24 27 29 31
22 32 1 2 3 5 6 8 12 13 14 15 16 19 20 21 22 24 27 29 31
23 32 0 4 5 6 7 8 9 10 13 14 16 19 20 23 24 25 27 28 29 31
24 32 0 4 5 6 7 8 9 10 13 14 16 19 20 21 22 23 24 27 28 29 31
25 0 4 23 7 25 9 26 10 11 28
26 0 25 9 26 10 11
27 32 0 4 5 6 7 8 12 13 14 16 19 20 21 22 23 24 27 28 29 31
28 0 4 5 6 7 9 10 13 16 19 20 23 24 25 27 28 29 31
29 32 1 2 4 5 6 7 8 12 13 14 16 19 20 21 22 23 24 27 28 29 31
30 30
31 32 2 3 4 5 6 7 8 12 13 14 15 16 19 20 21 22 23 24 27 28 29 31
32 32 1 2 3 5 6 8 12 13 14 15 16 19 20 21 22 23 24 27 29 31
