0 2.919582312036542E-4
1 7.285284428080427E-4
2 7.143259178681398E-4
3 6.572690363991666E-4
4 7.11604004943172E-4
5 3.931775769838954E-4
6 6.032351511489824E-4
7 6.85096039384089E-4
8 7.295719426096935E-4
9 5.148798126394926E-4
10 7.642825474456898E-4
11 4.6839130796848683E-4
12 2.762713769496561E-4
13 6.049536706136401E-4
14 7.636143031755208E-4
15 5.35025166069292E-4
16 4.889940290051045E-4
17 7.448822788360512E-4
18 6.318030748235688E-4
19 9.074949014381464E-5
20 6.103869364581168E-4
21 6.757980790589413E-4
22 7.506239129288246E-4
23 7.412523121522865E-4
24 7.682494545674912E-4
25 7.362147408625353E-4
26 6.560178778869419E-4
27 7.04566081395294E-4
28 7.482737007094241E-4
29 3.1295060296560235E-4
30 6.352690261456011E-4
31 6.258373311020461E-4
32 6.50653700339172E-4
33 7.242872268459584E-4
34 7.301324778730491E-4
35 7.21081022972598E-4
36 3.5146017841962835E-4
37 7.591546638766729E-4
38 4.75702046933339E-4
39 3.7193386304222554E-4
40 5.724855920317099E-4
41 7.226117965570112E-4
42 5.673959478950708E-4
43 6.839707801215043E-4
44 5.481123894169788E-4
45 5.522280297521882E-4
46 6.307865905348346E-4
47 7.425137743651367E-4
48 5.601090131119098E-4
49 4.660774652857484E-4
50 6.832791440336333E-4
51 6.971285895610963E-4
52 4.977026134143174E-4
53 7.519539682305075E-4
54 7.619373076354715E-4
55 5.873657507475819E-4
56 4.111036908031856E-4
57 5.172286249080847E-4
58 6.806833080076082E-4
59 4.4224857831698193E-4
60 4.7843054646879015E-4
61 7.191341404911297E-4
62 6.703950801136569E-4
63 7.184651004522824E-4
64 7.409470294367363E-4
65 6.198853050892174E-4
66 6.05112641282991E-4
67 1.1943577128540426E-4
68 7.605741801468746E-4
69 6.965087997809792E-4
70 5.17071814678525E-4
71 7.898605221245665E-4
72 7.696358479197148E-4
73 5.318947364702996E-4
74 7.427440823501094E-4
75 5.696881375368914E-4
76 5.424473511841649E-4
77 7.273365890493368E-4
78 5.105307038097945E-4
79 5.469791306474277E-4
80 6.094195774702416E-4
81 6.668237028158069E-4
82 6.814096978471229E-4
83 6.462169930694479E-4
84 3.4614240343269726E-4
85 2.5478713414472324E-4
86 7.500654159647032E-4
87 6.963476043679821E-4
88 4.6299808039630073E-4
89 6.599652777448449E-4
90 7.199604591107947E-4
91 5.073023000610999E-4
92 5.933387202856407E-4
93 7.607260360629689E-4
94 5.972815415518621E-4
95 7.164982911455375E-4
96 4.161066392294418E-4
97 1.5424801712951743E-4
98 5.116704500412871E-4
99 3.5226247100655537E-4
100 4.2325477487076453E-4
101 7.305300039300787E-4
102 6.871506182721539E-4
103 7.601165100583904E-4
104 5.482533107903115E-4
105 6.600186942119611E-4
106 5.323427144402566E-4
107 4.5540285578282204E-4
108 4.8804014762070914E-4
109 6.696237529736675E-4
110 5.281864592369936E-4
111 5.014313040785001E-4
112 6.59044188745028E-4
113 7.593498167406878E-4
114 7.733851887800259E-4
115 5.358867192826122E-4
116 6.908381070005217E-4
117 6.723130512962926E-4
118 4.4450260930232495E-4
119 5.421650125384251E-4
120 1.6982237832616562E-4
121 4.751736103161352E-4
122 4.7792562728931427E-4
123 6.615989808696551E-4
124 7.585437596315437E-4
125 4.89137973724812E-4
126 6.995775160601357E-4
127 5.379096955389347E-4
128 6.652470966693752E-4
129 7.541241132440941E-4
130 5.537095180734779E-4
131 4.582455351919814E-4
132 5.631725370585483E-4
133 4.810232806098631E-4
134 4.945283337872035E-4
135 6.020314408329701E-4
136 6.775923772962373E-4
137 7.700983908217928E-4
138 6.404959269413538E-4
139 6.374160387442072E-4
140 4.472687046179777E-4
141 4.5137499909050585E-4
142 7.312433498174828E-4
143 4.4029084015034483E-4
144 7.340055596392833E-4
145 4.948374291281615E-4
146 7.566203260715816E-4
147 7.437900921092597E-4
148 5.455249822458007E-4
149 4.4597234299374456E-4
150 7.10222409176932E-4
151 5.811414486340889E-4
152 6.877254764526813E-4
153 7.31110068311923E-4
154 6.747043775033103E-4
155 4.7439491957708413E-4
156 5.146202578833622E-4
157 7.709443745715131E-4
158 6.396476213201827E-4
159 5.951419987000916E-4
160 6.942679730084761E-4
161 6.2835374135637E-4
162 5.523591458423114E-4
163 6.018343370755981E-4
164 6.219792751458706E-4
165 7.152800327683697E-4
166 6.047264549838816E-4
167 5.458780617206921E-4
168 7.766170791755502E-4
169 7.544500119841341E-4
170 7.114080791803413E-4
171 6.954419116825255E-4
172 6.491126608368046E-4
173 5.74569105894746E-4
174 7.524657756308932E-4
175 7.716922381723768E-4
176 7.194507194308812E-4
177 6.66531538362186E-4
178 7.365368176259452E-4
179 5.969002600962527E-4
180 7.165182236222843E-4
181 4.4828142368933484E-4
182 5.680482180911387E-4
183 7.335938476743354E-4
184 4.913972298850706E-4
185 7.315248080360094E-4
186 7.581909094069691E-4
187 5.005763331415903E-4
188 6.379255975457512E-4
189 7.879361097983896E-4
190 4.943040005894483E-4
191 3.5947310912664394E-4
192 7.255854620007878E-4
193 6.382459667254685E-4
194 5.188887815754248E-4
195 6.893194586313101E-4
196 5.548400919374073E-4
197 5.747135231672117E-4
198 7.320899409641723E-4
199 6.736227861222803E-4
200 3.603301027849459E-4
201 9.074949014381464E-5
202 7.505628758167653E-4
203 5.873769957217697E-4
204 6.75444248313917E-4
205 6.134273236043108E-4
206 7.638710624295542E-4
207 5.375203223038523E-4
208 7.195439390014502E-4
209 6.018986428993106E-4
210 6.273188859151432E-4
211 6.248224527700819E-4
212 6.294378827956059E-4
213 6.376995173616313E-4
214 6.513882890794685E-4
215 7.504355926556323E-4
216 6.584273482962076E-4
217 6.917522242442112E-4
218 7.070010839495864E-4
219 6.558987488415746E-4
220 4.6008192834697225E-4
221 6.923777235910918E-4
222 6.011905668102363E-4
223 7.062655694038418E-4
224 6.72055760627378E-4
225 5.710330055053681E-4
226 4.310267292641166E-4
227 7.669519641929388E-4
228 7.419212481068131E-4
229 7.730601584019256E-4
230 7.717792045386543E-4
231 6.670367946306534E-4
232 6.292617235215846E-4
233 4.25836009129333E-4
234 7.41131060885486E-4
235 7.195464713672704E-4
236 7.015434690854122E-4
237 3.069542879880219E-4
238 6.978867785093297E-4
239 4.862277610017965E-4
240 6.319687690243736E-4
241 5.0644560945397E-4
242 4.1725367714662043E-4
243 5.917027010894862E-4
244 5.80065044871907E-4
245 6.126330408370341E-4
246 6.35878811202826E-4
247 5.464878614424609E-4
248 4.984486481407232E-4
249 4.233392356622849E-4
250 6.592795521412586E-4
251 4.3956147852319935E-4
252 5.951419987000916E-4
253 5.549381334498465E-4
254 7.390738198487418E-4
255 6.727980541960192E-4
256 5.6021854423844E-4
257 7.341511671485499E-4
258 7.379881052939849E-4
259 6.524204785547464E-4
260 6.659628117831234E-4
261 5.371736745095298E-4
262 4.7153927162005803E-4
263 7.145372335759215E-4
264 5.673878219608494E-4
265 4.530614446438796E-4
266 6.909149797451141E-4
267 6.719536370578385E-4
268 5.003399258386217E-4
269 5.392361586906477E-4
270 6.951704422687833E-4
271 7.06960046441703E-4
272 7.521323214968455E-4
273 6.696740045166253E-4
274 5.817871552364889E-4
275 7.77235832717307E-4
276 6.740177088217032E-4
277 6.473415166208515E-4
278 6.883090048417089E-4
279 6.857132314660654E-4
280 3.3261943017682454E-4
281 6.997852147137308E-4
282 7.230158114651908E-4
283 7.239175748802703E-4
284 5.286589188716428E-4
285 6.368286898865965E-4
286 4.270239700862023E-4
287 7.040896607836246E-4
288 6.802943714137381E-4
289 7.145433927099847E-4
290 7.084657452441215E-4
291 6.002076333715863E-4
292 7.451786106186801E-4
293 4.2724058926324595E-4
294 5.594829548598241E-4
295 4.8441456100766666E-4
296 4.614738297338514E-4
297 7.365686868366059E-4
298 6.094677343565461E-4
299 6.246760166269254E-4
300 6.59327360977388E-4
301 7.638205561841754E-4
302 4.492235455405133E-4
303 6.168193114644099E-4
304 7.13895459871533E-4
305 4.683931655634302E-4
306 5.147541311155718E-4
307 7.287714882626209E-4
308 7.784560699707409E-4
309 5.105728382385774E-4
310 6.427621194393633E-4
311 7.761944469938249E-4
312 5.834317665337705E-4
313 6.078308639452214E-4
314 6.849960659033054E-4
315 6.543104715919418E-4
316 6.198781329555197E-4
317 5.041266013558756E-4
318 3.8290950974286696E-4
319 6.655766857902449E-4
320 5.541035130190268E-4
321 6.236529127989876E-4
322 6.787298346208438E-4
323 6.338891145475329E-4
324 5.223469476217416E-4
325 5.489939049466929E-4
326 7.122169416748342E-4
327 7.362129115073225E-4
328 5.925941741738053E-4
329 7.360704163696477E-4
330 3.4741415567042375E-4
331 6.726050848994061E-4
332 6.966817850254212E-4
333 7.38978497854478E-4
334 7.607643759964043E-4
335 2.193009107025166E-4
336 3.8361388282806053E-4
337 5.16746284695275E-4
338 5.642892417448355E-4
339 3.996471147961643E-4
340 6.147833760995648E-4
341 4.1434430993094764E-4
342 6.57528473209498E-4
343 5.643118433635207E-4
344 5.648054577859357E-4
345 5.883763069614493E-4
346 5.377248357078084E-4
347 4.7839694503227544E-4
348 6.49959948760223E-4
349 7.13095389650754E-4
350 6.876293217717003E-4
351 6.564487429709349E-4
352 6.640486084305421E-4
353 5.434304323808413E-4
354 6.375511005158091E-4
355 5.618291122501148E-4
356 6.190420056094729E-4
357 4.4433800196267624E-4
358 7.670672820894551E-4
359 6.18210358942967E-4
360 5.459892239534946E-4
361 5.641351099112677E-4
362 5.599564957450909E-4
363 6.701528853951531E-4
364 4.930864698960888E-4
365 7.69809743301053E-4
366 2.634042519280177E-4
367 5.132320369668494E-4
368 5.334834680894821E-4
369 3.7945154851853143E-4
370 6.558246258592331E-4
371 7.468121686942039E-4
372 6.454039235742983E-4
373 5.1572784896988E-4
374 2.123495257699434E-4
375 7.094811028802218E-4
376 5.805001036439791E-4
377 6.46895290579548E-4
378 5.86439344034531E-4
379 6.049967094882133E-4
380 5.188637111631215E-4
381 6.498559214486261E-4
382 5.857418008855847E-4
383 6.165590894609096E-4
384 7.275757106407733E-4
385 4.8272920685727235E-4
386 5.400602700393889E-4
387 4.540775219901575E-4
388 6.854982851844243E-4
389 7.226146996947059E-4
390 4.857464383043751E-4
391 6.38303609897877E-4
392 5.968137397432807E-4
393 6.007563388854117E-4
394 5.452009911980182E-4
395 5.65664209029193E-4
396 5.220685269758785E-4
397 4.966736696988015E-4
398 7.612056674317895E-4
399 5.681473047740356E-4
400 7.182689868354726E-4
401 5.115097610400954E-4
402 7.327281411246897E-4
403 7.281812369964463E-4
404 6.682255565479344E-4
405 6.139640327726093E-4
406 2.8906005580735933E-4
407 6.955328094521854E-4
408 7.443671279872215E-4
409 6.48355354757411E-4
410 6.627996598401258E-4
411 4.842350084765934E-4
412 5.637330131362161E-4
413 1.7139789571083807E-4
414 5.339777011104745E-4
415 6.858973622580693E-4
416 7.324663565651236E-4
417 7.574816750663475E-4
418 6.834523874973331E-4
419 5.969172745089829E-4
420 5.95276272965267E-4
421 9.074949014381464E-5
422 3.975970492582141E-4
423 7.046170210079257E-4
424 6.582856448299424E-4
425 7.776940762300438E-4
426 5.897763479386546E-4
427 6.776646402779498E-4
428 7.174579076151358E-4
429 6.160649668292703E-4
430 6.152476634636848E-4
431 4.748324974680391E-4
432 6.627958247215144E-4
433 4.810232806098631E-4
434 5.942647918140498E-4
435 5.000827867495819E-4
436 7.826844604501271E-4
437 7.176293486483102E-4
438 7.261772926435452E-4
439 5.260335871725075E-4
440 6.6656684129134E-4
441 7.634835384092152E-4
442 5.522054818863757E-4
443 4.402504690964077E-4
444 6.094677343565461E-4
445 7.394070987119074E-4
446 6.21474284133231E-4
447 1.9379621616641394E-4
448 4.147769231474446E-4
449 7.621359026783247E-4
450 7.102431204595324E-4
451 5.401422934598198E-4
452 4.994721158976305E-4
453 6.287773415763392E-4
454 9.074949014381464E-5
455 5.311567956992509E-4
456 2.974647653610121E-4
457 5.443414309021919E-4
458 4.238300183166844E-4
459 4.2819537776945296E-4
460 6.69160518327837E-4
461 5.672003768939499E-4
462 6.564487429709349E-4
463 7.255936958086486E-4
464 7.42207016959028E-4
465 5.365215911168786E-4
466 7.135079666475041E-4
467 5.460183509164833E-4
468 4.922169405612517E-4
469 6.806285445843212E-4
470 5.473201567812312E-4
471 5.996940962730025E-4
472 3.329048904390216E-4
473 7.2753079374178E-4
474 7.402308835989597E-4
475 7.208992035517836E-4
476 5.826535591765223E-4
477 6.60229153193379E-4
478 5.523454198908145E-4
479 6.73410371630257E-4
480 5.943731762986566E-4
481 7.038996448424667E-4
482 7.171117773241438E-4
483 5.783439282120949E-4
484 6.387475079159333E-4
485 4.967549907734243E-4
486 6.686124629437407E-4
487 3.466338201732166E-4
488 6.734526586981279E-4
489 5.204854344464588E-4
490 6.953542755651152E-4
491 6.925281469942929E-4
492 6.865382533567617E-4
493 6.527804588590228E-4
494 7.23819685299441E-4
495 4.837800194332378E-4
496 6.665403438349851E-4
497 6.66436179181098E-4
498 7.448224874955963E-4
499 5.397123688672854E-4
500 7.623039669514927E-4
501 9.074949014381464E-5
502 7.538715978504622E-4
503 4.140261719063895E-4
504 6.715949332560806E-4
505 7.41727452818129E-4
506 7.368645291724207E-4
507 5.125769760472194E-4
508 6.127714567198709E-4
509 5.733519389027024E-4
510 7.275672745048481E-4
511 7.23819685299441E-4
512 7.001861274405064E-4
513 7.790111390607878E-4
514 5.114768865585888E-4
515 5.995190575139395E-4
516 9.074949014381464E-5
517 4.3195725241370383E-4
518 7.15903790136106E-4
519 5.339769507892456E-4
520 4.537128111071266E-4
521 7.021912149117929E-4
522 7.446373277385717E-4
523 7.897456655385535E-4
524 4.029127406508253E-4
525 7.015434690854122E-4
526 4.2097984971111216E-4
527 6.315583058321731E-4
528 8.854277483958088E-4
529 4.892831986716591E-4
530 7.35511496063262E-4
531 3.9351820897620123E-4
532 7.049136400539893E-4
533 6.917447959631055E-4
534 7.625869045843493E-4
535 6.80171440580914E-4
536 7.09754427666628E-4
537 6.723637592663873E-4
538 7.08923741886956E-4
539 6.66222167914213E-4
540 6.300498491286302E-4
541 7.228532583493038E-4
542 4.704953436970627E-4
543 6.343507073226541E-4
544 6.172357643964968E-4
545 7.276732516171855E-4
546 6.852525186364506E-4
547 5.042843739169118E-4
548 5.713327754270328E-4
549 7.072408327961684E-4
550 6.9668644006619E-4
551 7.473397261641639E-4
552 4.751158283744209E-4
553 6.871985179624367E-4
554 6.917028020005564E-4
555 7.202223795651567E-4
556 7.579965849371148E-4
557 6.578218711871738E-4
558 3.154554937630518E-4
559 7.057403858329927E-4
560 4.328967918708026E-4
561 3.680300839958909E-4
562 5.822137414267819E-4
563 4.961007841731914E-4
564 7.587807837374088E-4
565 6.983101298241291E-4
566 7.173150914536035E-4
567 6.009685305818878E-4
568 5.769780025484529E-4
569 6.354162753870935E-4
570 4.648333808492569E-4
571 5.920387216600217E-4
572 6.858620353044479E-4
573 6.860958129610695E-4
574 6.049967094882133E-4
575 6.353861664260212E-4
576 6.119446213648509E-4
577 7.145372335759216E-4
578 6.516019284186693E-4
579 7.207185759869741E-4
580 7.277197733775143E-4
581 7.253601086624398E-4
582 4.964313275993787E-4
583 6.375309343565946E-4
584 4.425401958190692E-4
585 5.4986460742012E-4
586 6.949289110535691E-4
587 7.712374565853943E-4
588 6.286356471231593E-4
589 7.484839342221055E-4
590 5.083485473533621E-4
591 6.806400465221506E-4
592 5.623981951315363E-4
593 6.884276008537482E-4
594 4.5368411348416384E-4
595 4.550056355252805E-4
596 6.405460531146087E-4
597 5.500293361669864E-4
598 7.346569296413558E-4
599 4.792248917166906E-4
600 7.70612787914835E-4
601 7.665684198602228E-4
602 5.263346033892295E-4
603 5.802991248230256E-4
604 6.697120609986128E-4
605 4.964150501737298E-4
606 7.089935953232454E-4
607 9.074949014381464E-5
608 7.450156079925351E-4
609 6.741873179804975E-4
610 6.432668178062703E-4
611 7.164211475394718E-4
612 9.28817210885775E-5
613 7.161699224549412E-4
614 4.848493002177042E-4
615 8.874962962044972E-4
616 3.136752097359724E-4
617 6.263923202544596E-4
618 7.23819685299441E-4
619 1.1235655050391266E-4
620 5.124132546085248E-4
621 7.276042258161546E-4
622 6.850391376358965E-4
623 4.482251320032101E-4
624 6.439062433783438E-4
625 3.764597839888757E-4
626 7.262277903193408E-4
627 6.705458851886748E-4
628 7.242286382675347E-4
629 7.143801117034667E-4
630 6.505226685038283E-4
631 6.822662153105948E-4
632 5.528943265536133E-4
633 7.054286856984769E-4
634 6.166939269679977E-4
635 3.366789987820845E-4
636 6.233549163529244E-4
637 7.671464452751939E-4
638 5.17730828840906E-4
639 6.462169930694479E-4
640 1.868606134877103E-4
641 7.464596132429622E-4
642 5.62961823742584E-4
643 6.636267034329763E-4
644 6.840190604438398E-4
645 6.708696170925662E-4
646 1.527104964732474E-4
647 4.958427184834887E-4
648 7.289665927349819E-4
649 5.008286713422221E-4
650 3.831759856313341E-4
651 5.965184688219653E-4
652 4.3340120587069666E-4
653 7.493445628212442E-4
654 4.24710409357438E-4
655 6.483820784300223E-4
656 7.491567003439525E-4
657 2.3841398452842695E-4
658 6.723047671659871E-4
659 6.94788887154102E-4
660 7.663798078786917E-4
661 5.432632637561233E-4
662 6.375309343565946E-4
663 7.834811085398665E-4
664 5.425781659337404E-4
665 5.165868264243711E-4
666 7.450865576228602E-4
667 7.030504556708827E-4
668 5.814544515682555E-4
669 7.268221050134326E-4
670 6.070533573328111E-4
671 5.183259791462819E-4
672 5.695283889572923E-4
673 5.923183862020819E-4
674 7.074330465400814E-4
675 6.601013511204741E-4
676 7.474193421434556E-4
677 7.371804986284855E-4
678 6.939208352346177E-4
679 6.080594360986637E-4
680 6.815318582962319E-4
681 6.228311640571479E-4
682 7.007594680893034E-4
683 7.403965540055995E-4
684 5.522406137404271E-4
685 6.714596291966879E-4
686 5.574753624142944E-4
687 7.499247055351584E-4
688 7.236746109815097E-4
689 4.96962339096202E-4
690 7.505467929988626E-4
691 7.059504119195987E-4
692 6.700111731252086E-4
693 6.542207660326846E-4
694 6.367041492583267E-4
695 7.528541643057878E-4
696 3.7684024753237825E-4
697 5.631153650434455E-4
698 6.929790554890122E-4
699 4.861100314608169E-4
700 6.856947659281713E-4
701 5.673343127503654E-4
702 7.442627627509008E-4
703 6.617879838888321E-4
704 5.425775228956783E-4
705 4.647811900344157E-4
706 5.42892708400257E-4
707 4.846347766668963E-4
708 6.170677141895193E-4
709 6.969105840844773E-4
710 7.442592798152488E-4
711 7.645523513330572E-4
712 4.3079552821407235E-4
713 7.145859944544042E-4
714 4.0904190038670233E-4
715 6.333034841040911E-4
716 7.19774168492974E-4
717 3.288977571223204E-4
718 7.030494638934952E-4
719 6.807701013452164E-4
720 6.963879743074895E-4
721 7.210166136184702E-4
722 7.378437807842856E-4
723 4.81347097320795E-4
724 5.589544387365048E-4
725 7.392738245667612E-4
726 6.78109045268404E-4
727 7.083022950018701E-4
728 7.388933775789486E-4
729 6.951591327619749E-4
730 6.313076148016407E-4
731 7.557298392681049E-4
732 6.842277691527022E-4
733 5.39518245236604E-4
734 5.897860578362801E-4
735 6.567819279000343E-4
736 7.599768092487664E-4
737 5.438259385051379E-4
738 4.397421607897612E-4
739 6.546813474926683E-4
740 6.554090117159324E-4
741 5.498982468069456E-4
742 7.066523406578598E-4
743 6.471060828739014E-4
744 4.1434430993094764E-4
745 7.030149479208156E-4
746 6.419134572493917E-4
747 6.004191286154507E-4
748 5.15558447840379E-4
749 6.592795521412586E-4
750 3.501141115423416E-4
751 4.959689453906157E-4
752 6.044586038462738E-4
753 4.2493279692122E-4
754 5.635799410585534E-4
755 5.995046190313801E-4
756 3.247128882284554E-4
757 7.476869060428418E-4
758 7.224827992569727E-4
759 5.535833758669294E-4
760 5.390243288788962E-4
761 7.224827992569727E-4
762 5.367327394900058E-4
763 7.521937769902802E-4
764 6.734103716302569E-4
765 6.922478244430631E-4
766 6.476485906545358E-4
767 2.3472924296723323E-4
768 6.483820784300223E-4
769 7.762215926106951E-4
770 7.294641922174248E-4
771 6.988816791711441E-4
772 6.898062170539875E-4
773 7.23819685299441E-4
774 5.698898090873203E-4
775 7.559940469607251E-4
776 6.052550902607047E-4
777 6.890490074290147E-4
778 7.160783470542606E-4
779 7.629618339137264E-4
780 7.09588071216319E-4
781 5.124097545562223E-4
782 7.123474264874295E-4
783 6.368037817741637E-4
784 7.111489445648596E-4
785 6.47881859133235E-4
786 7.383287106567397E-4
787 7.463737451664246E-4
788 5.84030785640686E-4
789 5.461519627873661E-4
790 7.449072402383162E-4
791 4.813297009432136E-4
792 6.548775015623286E-4
793 7.502033502471125E-4
794 6.126451697635557E-4
795 4.1136756931534367E-4
796 4.5790499216482125E-4
797 6.965458544776331E-4
798 5.058463999790493E-4
799 6.725844106715631E-4
800 4.3969758012592816E-4
801 6.9512380934581E-4
802 9.49249086574715E-5
803 5.647998317094981E-4
804 7.038304960563066E-4
805 6.849721446690214E-4
806 7.375516045899533E-4
807 7.524908299657565E-4
808 7.911377038595964E-4
809 7.54147341385185E-4
810 5.249350350687471E-4
811 7.360420590336096E-4
812 7.750643272644074E-4
813 4.836087771877252E-4
814 7.423314560709338E-4
815 7.418632689158136E-4
816 7.394317793997786E-4
817 4.509809554807603E-4
818 6.62679569388228E-4
819 5.791043402174406E-4
820 2.661176200147988E-4
821 6.589541705939662E-4
822 6.810047400400142E-4
823 7.425845726667245E-4
824 7.373362932645655E-4
825 6.204935381568475E-4
826 7.332819975187713E-4
827 6.91495056124411E-4
828 7.501548605375583E-4
829 7.296703402051453E-4
830 6.849718053420485E-4
831 6.582526352010726E-4
832 7.216058551807593E-4
833 6.115158008969491E-4
834 7.418312304454802E-4
835 5.039738235197121E-4
836 7.597224236218636E-4
837 6.806631748631439E-4
838 5.528796673807515E-4
839 6.909475197239772E-4
840 7.112153984125556E-4
841 7.631319309800693E-4
842 4.524871925930288E-4
843 6.708377838936622E-4
844 5.978492514786594E-4
845 5.411952322334382E-4
846 5.765223352563412E-4
847 5.058306075461315E-4
848 6.307463233164969E-4
849 7.395966932964632E-4
850 5.895291648738877E-4
851 4.837800194332378E-4
852 7.2601359290932E-4
853 3.997637444383822E-4
854 5.852294099096097E-4
855 7.542902628946117E-4
856 6.801744679282319E-4
857 7.442534636823425E-4
858 5.916017965226524E-4
859 1.5247646180759658E-4
860 3.159583432577051E-4
861 4.497313538501978E-4
862 7.305725776576338E-4
863 5.627586344596075E-4
864 5.024235210566053E-4
865 7.415643394805386E-4
866 4.256170167817778E-4
867 7.517191152795606E-4
868 6.600409955066881E-4
869 7.59585294900062E-4
870 5.765203238571511E-4
871 7.482188806226609E-4
872 6.113838459651106E-4
873 7.326271193532711E-4
874 6.592795521412586E-4
875 7.64959498874681E-4
876 6.582906598025655E-4
877 4.3792741065506774E-4
878 3.5976878484762634E-4
879 3.0065352711959424E-4
880 9.074949014381464E-5
881 4.1295092634097965E-4
882 7.317821501148655E-4
883 5.868430770224254E-4
884 5.559127963333808E-4
885 4.999830903139264E-4
886 4.1420761211012397E-4
887 7.12561316658406E-4
888 1.9519779202084602E-4
889 4.653929546664261E-4
890 7.086735683380192E-4
891 6.572011364459319E-4
892 5.284528092186023E-4
893 5.473201567812312E-4
894 6.364761855638825E-4
895 6.92195667153338E-4
896 7.583769862051314E-4
897 6.649143883835665E-4
898 5.36871085930017E-4
899 6.405703399536812E-4
900 5.589614172084825E-4
901 4.233426507197198E-4
902 6.060070941068491E-4
903 6.713681911458362E-4
904 5.190855941209142E-4
905 4.5660098865951194E-4
906 7.449862259570987E-4
907 7.636656317383273E-4
908 5.564993803837675E-4
909 5.97583219437972E-4
910 5.950160405268419E-4
911 5.588066557352723E-4
912 3.809946040120359E-4
913 6.288228524627282E-4
914 7.417637274028209E-4
915 7.384352823831792E-4
916 6.780610601064045E-4
917 6.349262466931326E-4
918 5.818732528807875E-4
919 7.257965553310072E-4
920 5.426159795505958E-4
921 5.489897705280031E-4
922 7.085258550758709E-4
923 7.492992087051487E-4
924 6.738292542774446E-4
925 1.4775820686962845E-4
926 4.719313919192876E-4
927 6.817967048749776E-4
928 4.5365311716267105E-4
929 6.39024489582312E-4
930 7.373492355892445E-4
931 6.474965290352353E-4
932 5.049804406165742E-4
933 6.373178356104586E-4
934 3.638681957519168E-4
935 7.240557299106936E-4
936 4.131258398286543E-4
937 7.552455371467289E-4
938 6.430035628207938E-4
939 6.832712318660351E-4
940 5.970150089015422E-4
941 4.685740461991156E-4
942 5.878610206377878E-4
943 5.791839311821584E-4
944 6.340417741513332E-4
945 7.414249794509521E-4
946 5.618543910621383E-4
947 6.52541677283903E-4
948 5.387850122038251E-4
949 6.049967094882133E-4
950 7.024610664791017E-4
951 5.499282762186151E-4
952 7.170135490260415E-4
953 3.179500311248889E-4
954 4.39012817882721E-4
955 6.245778896928661E-4
956 6.952444569585649E-4
957 7.390701490999372E-4
958 5.242279213567339E-4
959 7.039675575877729E-4
960 5.22088357136799E-4
961 6.404959269413538E-4
962 6.814096978471228E-4
963 3.494115840197482E-4
964 6.688623491801571E-4
965 5.965836400299927E-4
966 3.4060934007138736E-4
967 4.4532315965113727E-4
968 5.514206896848988E-4
969 4.8421460886739727E-4
970 7.213001063983948E-4
971 5.438259385051378E-4
972 6.750008817462458E-4
973 2.831070914507053E-4
974 2.549736158420035E-4
975 6.848511065944282E-4
976 5.277372247081566E-4
977 6.036778046832719E-4
978 6.619537665628668E-4
979 6.58141573297611E-4
980 4.702501634591164E-4
981 7.185179310970563E-4
982 7.396865423431766E-4
983 7.364231569484666E-4
984 4.417313630472228E-4
985 7.42030279733123E-4
986 5.863007874600477E-4
987 4.6596326980492516E-4
988 6.920346509504567E-4
989 7.746318634330642E-4
990 6.840773213914628E-4
991 4.5856266705622913E-4
992 4.693374899054035E-4
993 7.276046458732293E-4
994 6.049967094882133E-4
995 5.263346033892295E-4
996 7.586943203547131E-4
997 7.501912437897507E-4
998 4.6887187849362376E-4
999 7.203790136727987E-4
1000 6.936827748222119E-4
1001 5.028329222668412E-4
1002 4.672914744611044E-4
1003 7.417944996533541E-4
1004 7.063890920056932E-4
1005 6.600027256314623E-4
1006 6.211532855001221E-4
1007 2.9254358435918906E-4
1008 3.3119303243057377E-4
1009 7.172747741947755E-4
1010 4.7840010429741204E-4
1011 6.31191753857188E-4
1012 4.55644635466366E-4
1013 7.544157465451787E-4
1014 7.038941268544317E-4
1015 6.130165660391204E-4
1016 4.364219625408109E-4
1017 5.419354149502887E-4
1018 5.817658060959431E-4
1019 7.349318294697884E-4
1020 4.647811900344157E-4
1021 7.508948938618324E-4
1022 4.618181691675516E-4
1023 5.482533107903115E-4
1024 6.624130816120439E-4
1025 5.875620839241229E-4
1026 5.586629827079997E-4
1027 5.286975764494464E-4
1028 5.959405057894079E-4
1029 5.734774944752593E-4
1030 4.472363742923628E-4
1031 7.060709217373206E-4
1032 4.1901547524262294E-4
1033 5.7248335344698E-4
1034 6.565913868770006E-4
1035 6.030568344914702E-4
1036 6.99019440056871E-4
1037 7.872622187871422E-4
1038 3.760218257427629E-4
1039 3.712357597605592E-4
1040 5.076171935930893E-4
1041 6.032351511489824E-4
1042 6.012613218693805E-4
1043 4.095948114086626E-4
1044 9.074949014381464E-5
1045 5.115817861274647E-4
1046 4.147769231474446E-4
1047 7.58852563218705E-4
1048 7.532187064050264E-4
1049 5.698770312021477E-4
1050 7.724748688773995E-4
1051 6.561007727211971E-4
1052 5.955216841341674E-4
1053 3.256233447977358E-4
1054 7.71897240616449E-4
1055 7.224827992569727E-4
1056 6.658682462751615E-4
1057 7.24967992610764E-4
1058 6.604122941603376E-4
1059 4.073385186506823E-4
1060 7.326060344356643E-4
1061 5.610016323993377E-4
1062 6.499522207033241E-4
1063 6.879378499548115E-4
1064 6.851952761428399E-4
1065 5.344352241814875E-4
1066 6.731278508845292E-4
1067 7.857758296007041E-4
1068 7.223456780712145E-4
1069 5.526309151505141E-4
1070 3.63184023581941E-4
1071 4.2791531662270956E-4
1072 7.410237341812092E-4
1073 6.120850599292457E-4
1074 4.6684440617565274E-4
1075 5.879465500915466E-4
1076 6.635463321832868E-4
1077 3.2499006017082957E-4
1078 3.8053089715167025E-4
1079 7.057044947784272E-4
1080 6.716560160110877E-4
1081 5.003576844682701E-4
1082 5.620726641024656E-4
1083 6.616439906631014E-4
1084 6.242536798152556E-4
1085 7.359678096205513E-4
1086 7.060466711853219E-4
1087 4.376872478183177E-4
1088 4.576874140226052E-4
1089 4.1916377157377456E-4
1090 5.480548373636972E-4
1091 7.270479741159418E-4
1092 4.345805342124119E-4
1093 3.709310557417901E-4
1094 7.251612173593853E-4
1095 7.018802440868469E-4
1096 6.78527884989453E-4
1097 7.39803718726145E-4
1098 6.573729518472576E-4
1099 7.487546259264669E-4
1100 6.910617250735642E-4
1101 7.393663710216402E-4
1102 7.378246390051725E-4
1103 4.5075624281522574E-4
1104 6.634474361332455E-4
1105 4.891756910651012E-4
1106 5.18938023815202E-4
1107 3.5169268634131356E-4
1108 6.52541677283903E-4
1109 5.190777149974143E-4
1110 5.28616197002258E-4
1111 6.705962086819867E-4
1112 6.58345646751705E-4
1113 7.114786292630972E-4
1114 5.311901629083995E-4
1115 5.031738456253564E-4
1116 5.29410859055359E-4
1117 6.354136843102814E-4
1118 6.789287057115843E-4
1119 7.445494225097468E-4
1120 6.094829027741452E-4
1121 5.940557064571194E-4
1122 6.950250183542269E-4
1123 6.327415414036455E-4
1124 7.223358085510424E-4
1125 6.349835176424311E-4
1126 5.767264651786062E-4
1127 7.797118189464215E-4
1128 5.380906750422955E-4
1129 6.318030748235688E-4
1130 6.051146203095256E-4
1131 6.966677984963386E-4
1132 6.806013968337406E-4
1133 7.416212328022299E-4
1134 7.270654730285285E-4
1135 5.704919933882042E-4
1136 7.025534683068529E-4
1137 2.2610631634441364E-4
1138 4.562987828237623E-4
1139 5.258400743858675E-4
1140 5.058342211186952E-4
1141 7.578099254866825E-4
1142 6.418002104522418E-4
1143 7.126607141370013E-4
1144 6.263923202544596E-4
1145 6.761785736002141E-4
1146 4.017101080864972E-4
1147 4.669027335539554E-4
1148 6.101922799840808E-4
1149 4.599532134428773E-4
1150 5.422481927076981E-4
1151 7.230161949714086E-4
1152 6.87591606359354E-4
1153 3.617062707045975E-4
1154 6.824576362777341E-4
1155 7.285678729529921E-4
1156 6.024133819882177E-4
1157 6.853845030495827E-4
1158 6.780894817656467E-4
1159 6.870400667183293E-4
1160 5.313316470414295E-4
1161 6.008069473379868E-4
1162 6.679420061520601E-4
1163 7.333524890299062E-4
1164 4.7318725874808873E-4
1165 7.151031104279236E-4
1166 5.350085087128133E-4
1167 6.794858771146402E-4
1168 4.867501197752179E-4
1169 7.688689445965433E-4
1170 2.1687207426046573E-4
1171 7.047737940272618E-4
1172 6.601013511204741E-4
1173 7.114419016944829E-4
1174 6.248620789219207E-4
1175 6.521067616794523E-4
1176 5.569538598041241E-4
1177 7.170580377678462E-4
1178 5.397680346244532E-4
1179 2.245597771128412E-4
1180 6.592795521412587E-4
1181 5.380063764968386E-4
1182 3.462956637723815E-4
1183 5.987779230399928E-4
1184 4.2330997032153907E-4
1185 5.898054218643013E-4
1186 6.922738827065178E-4
1187 5.37577579141647E-4
1188 6.595327724155699E-4
1189 6.8119140170248E-4
1190 6.491622720866897E-4
1191 3.4220654434817386E-4
1192 2.855770663344241E-4
1193 6.315583058321731E-4
1194 7.764325550693047E-4
1195 5.18558622468989E-4
1196 7.25049588776496E-4
1197 4.82172753236172E-4
1198 7.031026466243697E-4
1199 7.343531387469151E-4
1200 3.833429379523468E-4
1201 6.782997884765363E-4
1202 5.340649812828272E-4
1203 6.468112099105631E-4
1204 7.572553486369946E-4
1205 5.28917224376017E-4
1206 6.521421832233803E-4
1207 6.065096221760185E-4
1208 7.00046580185358E-4
1209 4.660101428286325E-4
1210 7.032878546085562E-4
1211 9.074949014381464E-5
1212 5.747376174063876E-4
1213 1.620664803895422E-4
1214 5.041513166061782E-4
1215 5.801899905619152E-4
1216 6.909928840993099E-4
1217 5.59288485146978E-4
1218 7.01933450645592E-4
1219 3.476885384986506E-4
1220 6.216727665231891E-4
1221 6.733281452614681E-4
1222 5.897178615252687E-4
1223 4.810232806098631E-4
1224 5.652553199416534E-4
1225 6.527535427383373E-4
1226 4.1434430993094764E-4
1227 4.1015697264135326E-4
1228 7.016272181328161E-4
1229 5.041191593685153E-4
1230 6.603787918724204E-4
1231 5.265716168341932E-4
1232 5.44210070486697E-4
1233 4.810232806098631E-4
1234 7.17913329122581E-4
1235 4.6081135100823576E-4
1236 5.009867419708963E-4
1237 5.409688146008914E-4
1238 6.537648360535384E-4
1239 7.333778983593462E-4
1240 6.413595330626848E-4
1241 7.694458591506352E-4
1242 5.805001036439791E-4
1243 4.6593861579248986E-4
1244 5.267236739881172E-4
1245 6.326596136599808E-4
1246 6.669629332855146E-4
1247 5.173082854048789E-4
1248 7.22168424009446E-4
1249 4.68936047035415E-4
1250 7.597350006756633E-4
1251 6.396165764858479E-4
1252 7.00238574905864E-4
1253 5.672473577244305E-4
1254 6.034412815907308E-4
1255 6.402464565600258E-4
1256 6.174971703939091E-4
1257 7.117362025997865E-4
1258 6.766880571059005E-4
1259 4.1631857578056385E-4
1260 5.786160809808953E-4
1261 5.425724085902622E-4
1262 6.975340490436775E-4
1263 3.339406486008046E-4
1264 5.744529552804155E-4
1265 6.016923154899859E-4
1266 4.3035622383528577E-4
1267 6.431835780666238E-4
1268 6.779765742368525E-4
1269 7.701702376066305E-4
1270 4.577466028198495E-4
1271 5.49531709230501E-4
1272 3.4790040633999616E-4
1273 4.908503687870178E-4
1274 6.888178071065299E-4
1275 6.491622720866896E-4
1276 6.564487429709349E-4
1277 6.592795521412586E-4
1278 6.779820544987636E-4
1279 7.378411580314854E-4
1280 4.5797018990008034E-4
1281 6.836533441608077E-4
1282 6.924812660387337E-4
1283 5.460720023473535E-4
1284 6.889171791953964E-4
1285 7.60083874436798E-4
1286 6.609674547574269E-4
1287 6.805778153355801E-4
1288 6.40359481939909E-4
1289 6.070612043073219E-4
1290 6.064837393769181E-4
1291 5.593861262918194E-4
1292 7.624480400435118E-4
1293 6.831238349958305E-4
1294 7.175411374133723E-4
1295 6.655749477966119E-4
1296 7.685650299265671E-4
1297 6.673315925768955E-4
1298 6.637848575117178E-4
1299 5.754779171685946E-4
1300 5.513934124720184E-4
1301 3.601062190599128E-4
1302 6.646056627124844E-4
1303 6.927268395411657E-4
1304 4.2406743157295346E-4
1305 6.859815208988807E-4
1306 6.930177851811418E-4
1307 6.863784636805829E-4
1308 7.609991860709648E-4
1309 4.2656841786946527E-4
1310 6.619248551171405E-4
1311 5.240668859285872E-4
1312 7.207087438096891E-4
1313 4.6382053048382076E-4
1314 6.333536024270384E-4
1315 5.963648261142287E-4
1316 7.050737001930982E-4
1317 5.295732944124764E-4
1318 7.206875083731761E-4
1319 6.872898880099537E-4
1320 6.888700313206432E-4
1321 5.00093038452247E-4
1322 4.867069495398365E-4
1323 3.5421112725207433E-4
1324 6.450594582073324E-4
1325 4.3583533471882035E-4
1326 6.580708450291306E-4
1327 6.85474788969636E-4
1328 7.019401240334112E-4
1329 5.798003692747548E-4
1330 6.534775276992093E-4
1331 6.930439053600693E-4
1332 7.229745446827836E-4
1333 6.857589106556634E-4
1334 7.561316505064426E-4
1335 7.418280087851094E-4
1336 7.366400798929232E-4
1337 7.55965228993686E-4
1338 5.028500644444836E-4
1339 5.706209746503016E-4
1340 4.622214701065715E-4
1341 6.404959269413538E-4
1342 4.740256673398182E-4
1343 5.296356513010171E-4
1344 4.951246008365437E-4
1345 5.294208159167866E-4
1346 7.882165012285556E-4
1347 2.778040035632675E-4
1348 7.216398693472241E-4
1349 2.6900774789625874E-4
1350 4.546679238328921E-4
1351 5.965625147544784E-4
1352 6.756149671772165E-4
1353 7.470437002196711E-4
1354 6.725562246716785E-4
1355 6.570476688212989E-4
1356 5.468872057806732E-4
1357 5.834205981016775E-4
1358 4.906780428844175E-4
1359 9.074949014381464E-5
1360 6.841895618126087E-4
1361 6.329592681461637E-4
1362 7.786068381676765E-4
1363 5.458894193779856E-4
1364 6.843217946995695E-4
1365 6.483820784300223E-4
1366 6.343798307813278E-4
1367 4.686947510419162E-4
1368 6.049967094882133E-4
1369 7.175563961954762E-4
1370 3.6114769030233984E-4
1371 3.941120904055688E-4
1372 5.034986822859713E-4
1373 6.984652912489207E-4
1374 6.218564621696142E-4
1375 6.939447871597606E-4
1376 7.613893118224357E-4
1377 7.145765992187514E-4
1378 6.557905433660753E-4
1379 4.1037721033176195E-4
1380 5.401067577446733E-4
1381 5.33503243477115E-4
1382 7.014955306888324E-4
1383 7.166339018483876E-4
1384 6.707879310390107E-4
1385 7.490436749279106E-4
1386 7.2531554668876E-4
1387 4.940859088295121E-4
1388 5.670502858724966E-4
1389 6.412345506985045E-4
1390 4.497313538501978E-4
1391 6.619362170397784E-4
1392 4.104202515769894E-4
1393 6.931595950778356E-4
1394 7.814483751115574E-4
1395 6.248224527700819E-4
1396 9.074949014381464E-5
1397 6.927566317459362E-4
1398 4.606559211753094E-4
1399 4.744685423578166E-4
1400 6.846405240954557E-4
1401 3.311930324305738E-4
1402 7.087807489212708E-4
1403 5.89990093507054E-4
1404 6.53106103113506E-4
1405 5.172789065560643E-4
1406 5.635891199205279E-4
1407 7.151545115765802E-4
1408 7.224190467485343E-4
1409 3.899203346393774E-4
1410 4.6252426875914717E-4
1411 7.305880374451844E-4
1412 5.932803083168751E-4
1413 7.862918327185991E-4
1414 4.5569917430465307E-4
1415 3.3981030916843105E-4
1416 3.297747446860086E-4
1417 5.195598018919321E-4
1418 6.65369890985573E-4
1419 4.877428881168743E-4
1420 6.727923596542255E-4
1421 4.428082883053353E-4
1422 5.329705191235819E-4
1423 6.646056627124844E-4
1424 7.101037763783379E-4
1425 3.938970869553959E-4
1426 2.6604725906602096E-4
1427 7.514799797283853E-4
1428 6.899007873603473E-4
1429 7.585563865638264E-4
1430 7.275166050900193E-4
1431 4.7005352095353607E-4
1432 7.032523410056393E-4
1433 6.84452538249237E-4
1434 5.823209220097303E-4
1435 7.075426092870051E-4
1436 6.951206822254099E-4
1437 6.369699930376835E-4
1438 7.02849443844741E-4
1439 6.476269094048474E-4
1440 7.044496499112112E-4
1441 7.300360561365821E-4
1442 6.687978484091442E-4
1443 6.907548063352891E-4
1444 5.473956855937107E-4
1445 6.315583058321732E-4
1446 6.746654389943526E-4
1447 4.8570422265926667E-4
1448 5.946094077467267E-4
1449 3.810284937153768E-4
1450 5.55999981440459E-4
1451 7.379387811082465E-4
1452 6.168112454444855E-4
1453 7.131759476510497E-4
1454 6.580137379804706E-4
1455 7.11083913926503E-4
1456 6.384040210680886E-4
1457 4.977026134143174E-4
1458 6.797431939503805E-4
1459 5.870665615798184E-4
1460 6.996777356656833E-4
1461 5.349494884610365E-4
1462 4.3246899450696363E-4
1463 4.648056949453338E-4
1464 7.298587892284554E-4
1465 6.65196013870967E-4
1466 7.589256071660774E-4
1467 6.729435654899002E-4
1468 6.719418225007571E-4
1469 5.745897291752453E-4
1470 4.899815109289694E-4
1471 6.568959861065043E-4
1472 6.272328396940594E-4
1473 6.820431668298912E-4
1474 3.314831104102383E-4
1475 5.375203223038523E-4
1476 6.326596136599808E-4
1477 7.193061358584415E-4
1478 6.679420061520602E-4
1479 6.396542482333538E-4
1480 4.079927685609498E-4
1481 5.234025166820247E-4
1482 7.603153575065391E-4
1483 6.278836406309295E-4
1484 6.08586328489926E-4
1485 5.526824359368118E-4
1486 1.8475677086582864E-4
1487 7.496805619666041E-4
1488 4.2402533034553936E-4
1489 5.769878814819149E-4
1490 5.718818617888625E-4
1491 3.122231601369004E-4
1492 6.030027716358974E-4
1493 4.5069296514960584E-4
1494 7.024940100718963E-4
1495 7.6086273796574E-4
1496 3.396251666576432E-4
1497 5.906108989521136E-4
1498 6.712863670706885E-4
1499 3.949600770900755E-4
1500 6.112672167285409E-4
1501 7.149450612109256E-4
1502 6.075631522509041E-4
1503 5.556767609111784E-4
1504 4.623770701445421E-4
1505 1.8610332790656777E-4
1506 7.149307304398887E-4
1507 6.059747122849746E-4
1508 6.719929279310132E-4
1509 7.36479381150396E-4
1510 6.005526385570243E-4
1511 6.904105862679643E-4
1512 7.619183186437924E-4
1513 7.233557692960606E-4
1514 6.259188316195929E-4
1515 4.6232022185536465E-4
1516 6.806848707978906E-4
1517 6.785005875829565E-4
1518 6.281273245907449E-4
1519 6.092356528389303E-4
1520 7.575215657148356E-4
1521 5.811065935541732E-4
1522 3.109760793719228E-4
1523 5.566424227659269E-4
1524 6.565629744092604E-4
1525 7.334367624713004E-4
1526 6.915846586470024E-4
1527 7.281511203572814E-4
1528 7.335591616023847E-4
1529 7.032957994828382E-4
1530 7.51820506528417E-4
1531 4.966736696988015E-4
1532 2.669091434419756E-4
1533 4.238715449255646E-4
1534 7.19099967505781E-4
1535 7.330058024796499E-4
1536 7.3152412742005E-4
1537 7.643174260842077E-4
1538 5.716439887504866E-4
1539 4.7965620092492423E-4
1540 7.559584180973911E-4
1541 6.926104549051865E-4
1542 5.436264605789302E-4
1543 4.244685842747839E-4
1544 7.574064588009633E-4
1545 3.436595018821213E-4
1546 7.003764026622896E-4
1547 7.514254862537699E-4
1548 6.456035498866696E-4
1549 6.861885791969567E-4
1550 7.294914855759616E-4
1551 5.288887514623517E-4
1552 6.512989205797032E-4
1553 3.557843660382149E-4
1554 7.394115641990189E-4
1555 7.672303212584952E-4
1556 7.230859227475248E-4
1557 5.254946827200428E-4
1558 7.238196852994411E-4
1559 3.4850902983240374E-4
1560 6.417172618598549E-4
1561 6.432900686009841E-4
1562 7.145372335759215E-4
1563 7.062553787287165E-4
1564 4.606492576513028E-4
1565 7.287610224329482E-4
1566 4.338824837868707E-4
1567 5.588326380082536E-4
1568 6.24155162501317E-4
1569 4.40924342110544E-4
1570 6.938209470207835E-4
1571 3.2934214668456206E-4
1572 7.713841675048538E-4
1573 7.223957901810775E-4
1574 3.493394791399669E-4
1575 5.231214249709139E-4
1576 6.132661625281426E-4
1577 6.024098457805859E-4
1578 7.578260158723632E-4
1579 7.449651017728432E-4
1580 3.77900458493962E-4
1581 6.707575485974501E-4
1582 4.8145318934934037E-4
1583 6.119584728118807E-4
1584 5.377422291677736E-4
1585 4.0904190038670233E-4
1586 4.3662678012955E-4
1587 5.934797263224756E-4
1588 7.520077759355366E-4
1589 3.162669038415117E-4
1590 2.741270312184807E-4
1591 7.135828458975177E-4
1592 7.478745587636866E-4
1593 7.383617165643644E-4
1594 6.809625078607591E-4
1595 7.344846899859881E-4
1596 2.602058828386979E-4
1597 5.099785391248033E-4
1598 7.129764216083551E-4
1599 7.596949001444969E-4
1600 5.531310147719789E-4
1601 5.637850112663247E-4
1602 6.446253167380334E-4
1603 4.2210998774547416E-4
1604 6.701714039613947E-4
1605 6.332313556996575E-4
1606 4.1204528198390155E-4
1607 5.493362541221569E-4
1608 7.128170091949596E-4
1609 5.751287451302546E-4
1610 5.546770961912586E-4
1611 6.102271000036159E-4
1612 5.29176520060018E-4
1613 7.39018879600979E-4
1614 6.268984705903155E-4
1615 7.765487366526633E-4
1616 5.491451881671111E-4
1617 7.117853209648117E-4
1618 6.735491657204167E-4
1619 6.842539106511271E-4
1620 6.451735394343226E-4
1621 7.316479863297017E-4
1622 7.371952195224369E-4
1623 6.76240069817438E-4
1624 6.948787938601085E-4
1625 4.795777317309593E-4
1626 6.775313572858604E-4
1627 6.80183914068127E-4
1628 4.344164144049786E-4
1629 3.5273514276611665E-4
1630 6.914181020506123E-4
1631 5.946094077467267E-4
1632 3.748634980097748E-4
1633 7.003309902956094E-4
1634 5.641090650996609E-4
1635 6.488326343776471E-4
1636 1.8018858707110838E-4
1637 9.074949014381464E-5
1638 5.412882866963124E-4
1639 5.918823215117918E-4
1640 3.34111126211376E-4
1641 6.18012672009771E-4
1642 3.32809079424428E-4
1643 5.835604355450564E-4
1644 7.042526161638839E-4
1645 7.180383099791683E-4
1646 5.806431403958123E-4
1647 6.47400390726432E-4
1648 7.335521824006217E-4
1649 6.293375531044814E-4
1650 5.05061471447827E-4
1651 7.260258908069734E-4
1652 7.557552433200184E-4
1653 6.727457331804487E-4
1654 7.541593328421161E-4
1655 4.7859567948006467E-4
1656 4.869254052802543E-4
1657 5.94233474329247E-4
1658 7.224650628304494E-4
1659 7.402661334406928E-4
1660 4.399256014828825E-4
1661 7.256561954625586E-4
1662 5.18767173998499E-4
1663 1.5985889398894917E-4
