0 888 191 1632 1325 1164
1 459 239 468 485 401
2 1179 1007 750 280 1425
3 1559 963 1153 696 1093
4 97 820 280 1559 625
5 1401 1008 1589 1263 650
6 974 1553 1463 547 519
7 85 447 1179 1007 750
8 239 485 1660 584 107
9 1486 1046 448 791 1390
10 750 280 1043 459 594
11 1192 756 12 406 635
12 1571 413 1496 953 1272
13 750 318 1043 1410 1168
14 97 1179 820 750 280
15 859 1663 1636 640 374
16 1370 657 1077 85 456
17 239 468 1582 485 401
18 1590 29 714 1585 1140
19
20 1347 879 1522 1642 717
21 767 1596 1349 973 1347
22 750 280 318 459 594
23 459 984 239 1582 485
24 97 820 280 459 520
25 459 239 1582 485 373
26 750 1038 1580 318 1043
27 973 1491 1642 717 1640
28 820 517 1103 1582 357
29 1140 602 52 1457 995
30 1179 1007 750 458 1425
31 1226 341 744 647 76
32 973 1347 879 1522 1642
33 1179 750 280 1038 1580
34 1179 750 280 1425 1038
35 625 39 1449 1499 369
36 888 191 1632 1325 1340
37 820 280 459 239 468
38 1170 767 1137 1596 1349
39 67 925 646 859 1663
40 97 1179 820 750 280
41 820 1559 200 696 1089
42 1179 1007 1574 912 531
43 1559 330 963 200 625
44 374 1170 767 1596 1349
45 925 646 1663 1636 374
46 85 447 1007 1574 912
47 750 280 1038 318 1043
48 640 374 1170 1137 1349
49 925 646 859 1663 1636
50 973 879 1491 1522 1642
51 1179 1007 750 280 1425
52 1590 29 714 1585 1140
53 820 750 280 459 594
54 820 280 459 520 1419
55 1179 750 1425 1038 1580
56 1323 1416 1505 953 366
57 1179 1007 280 458 1425
58 447 750 1038 1580 318
59 756 12 406 635 1219
60 1179 1007 1574 458 1425
61 750 1038 1580 318 1043
62 1347 1522 717 472 330
63 820 1235 468 1582 485
64 280 459 1419 239 1582
65 1170 767 1137 1596 1349
66 1038 1580 318 552 459
67 925 646 859 1636 640
68 280 459 520 125 1419
69 447 750 1425 1038 1580
70 237 860 1007 558 966
71 97 820 750 280 459
72 750 318 1043 459 594
73 753 191 1632 1325 1164
74 820 1559 625 1070 1449
75 1571 1140 336 602 52
76 1226 341 744 31 617
77 459 239 485 373 1584
78 1007 966 487 84 1574
79 1265 1611 1538 636 1523
80 1147 79 1214 1531 397
81 1077 85 456 1182 853
82 1474 1342 16 748 1564
83 753 1390 861 851 1074
84 860 558 487 1259 96
85 1182 447 853 1392 249
86 750 280 459 594 1235
87 1559 200 561 696 1093
88 1416 1505 953 366 1532
89 750 458 1425 1038 286
90 625 422 886 984 954
91 12 406 635 1219 99
92 374 1170 767 1137 1596
93 280 459 520 125 1419
94 85 447 1007 487 84
95 820 1559 625 696 1449
96 413 1426 0 1496 1323
97 820 280 373 751 355
98 237 860 1007 558 1078
99 619 657 456 1182 853
100 925 646 859 1663 1636
101 820 973 280 1559 625
102 750 1425 1038 1580 318
103 750 280 1038 1580 318
104 1486 1046 448 791 1390
105 1401 1008 1589 1263 650
106 237 860 1007 558 966
107 859 1636 640 374 1170
108 802 1505 953 366 1532
109 97 820 280 1642 1559
110 237 860 1007 558 966
111 99 1371 1039 1107 237
112 1179 820 280 1580 459
113 750 318 1043 459 594
114 820 750 280 1038 1580
115 1179 1007 84 1574 912
116 97 1179 820 750 280
117 820 973 1491 1642 1640
118 1505 953 366 1532 1272
119 237 860 1007 558 966
120 920 754 1484 1437 938
121 859 1636 640 374 1170
122 925 1663 1636 640 374
123 973 1491 1642 717 1640
124 1179 820 750 280 1038
125 1038 318 1043 1410 552
126 422 886 984 517 143
127 966 487 84 1574 912
128 97 820 280 1038 1580
129 750 318 1043 459 594
130 974 1553 1463 547 519
131 36 616 1192 756 12
132 859 640 374 1170 767
133 1010 936 1223 1233 433
134 12 406 635 1219 99
135 1663 374 1170 767 1596
136 1559 472 200 625 561
137 612 820 750 280 459
138 748 1147 79 1214 1531
139 1137 1347 879 1522 1642
140 1505 953 366 1532 1272
141 616 1192 756 12 406
142 239 1103 357 485 751
143 646 1636 1170 767 1137
144 97 820 280 459 1235
145 859 1636 640 374 1170
146 820 280 459 1235 520
147 280 1043 459 594 60
148 1179 1007 84 1574 912
149 220 413 1053 1426 0
150 239 1582 485 1338 121
151 1179 1007 912 750 280
152 97 820 973 280 1559
153 820 973 1559 625 1499
154 820 973 1642 1640 1559
155 12 406 635 1219 99
156 1571 1140 336 602 885
157 750 280 459 1235 520
158 767 1596 1349 973 879
159 252 615
160 973 1491 1642 717 1640
161 750 1425 1038 1580 318
162 1574 531 503 1480 458
163 1147 79 1214 1531 397
164 973 1491 1642 717 1640
165 820 1559 200 625 561
166 640 374 1170 1137 1349
167 194 344 256 1215 845
168 820 280 459 594 1235
169 820 280 459 520 125
170 1179 1007 750 280 1425
171 39 1499 369 422 1089
172 973 1559 330 963 625
173 1179 1007 1574 912 750
174 239 468 1582 485 373
175 820 750 280 459 594
176 1582 485 251 373 751
177 767 1596 1349 973 1347
178 239 1103 1582 485 373
179 1046 448 791 1390 861
180 39 369 422 1059 1089
181 1571 336 156 885 1387
182 1574 750 458 1425 1038
183 239 1603 1533 1103 1582
184 99 1371 1039 1107 237
185 459 125 239 485 373
186 750 280 459 594 520
187 237 860 558 1078 966
188 1656 1463 547 519 362
189 750 280 1038 1580 318
190 1371 1039 1107 237 860
191 1632 1325 1164 1340 1414
192 625 561 1059 954 517
193 1137 1349 973 1347 879
194 859 640 374 1170 1137
195 973 1522 717 1640 1559
196 859 1663 1636 640 374
197 1347 879 1522 717 472
198 459 239 1582 485 373
199 767 1596 973 1491 1522
200 67 925 646 859 1663
201
202 820 280 1559 520 1419
203 447 1179 1007 487 84
204 1153 39 369 422 1059
205 1590 29 714 1585 1140
206 750 280 1043 459 594
207 1571 1140 336 602 156
208 820 973 1642 1559 200
209 1147 79 1214 1531 397
210 767 1596 1349 973 1347
211 1147 79 1214 1531 397
212 1401 1008 1589 1263 650
213 374 1170 767 1137 1596
214 1370 657 1077 1474 85
215 459 239 468 485 401
216 1392 249 712 1342 1569
217 1596 1349 973 879 1491
218 820 1235 1582 485 1350
219 39 369 422 886 100
220 936 1223 133 1233 433
221 1486 1046 448 753 791
222 640 374 1137 1349 1347
223 750 280 1580 318 1043
224 1349 973 879 1491 1522
225 447 1574 750 458 1425
226 413 1426 1496 1323 1416
227 97 1179 820 750 280
228 984 239 1603 1533 1103
229 280 459 605 239 468
230 97 1179 820 750 280
231 85 447 1007 1574 912
232 97 1179 820 280 1425
233 1409 647 877 1001 527
234 239 1103 1582 357 485
235 97 820 280 459 1235
236 1401 1008 650 5 524
237 1505 966 1200 242 1259
238 1474 712 1342 1569 16
239 318 1002 187 689 582
240 750 318 1043 1410 459
241 1371 1039 1107 237 860
242 413 1053 1426 0 1496
243 1179 1007 912 750 280
244 1574 531 1092 503 1480
245 374 1170 767 1137 1596
246 750 1038 1580 318 1043
247 640 374 1170 767 1137
248 99 1371 1039 1107 237
249 1370 657 1077 85 456
250 1553 1656 1463 547 519
251 925 646 859 1663 1636
252 159 615
253 925 646 1663 1636 640
254 97 820 280 459 1235
255 1349 973 879 1491 1522
256 145 167 1344 835 1372
257 517 1071 1582 485 1350
258 750 280 459 594 520
259 1347 879 1522 1642 717
260 1349 973 879 1491 1642
261 237 860 1007 558 966
262 925 646 859 1663 1636
263 1474 853 1392 249 712
264 1663 1636 374 1170 767
265 1505 366 1532 1272 1545
266 1077 1474 85 456 1182
267 1347 1522 1642 717 472
268 1039 237 860 1007 558
269 1663 1636 640 374 1170
270 459 125 239 1575 485
271 1179 820 750 280 1425
272 820 280 459 1235 520
273 879 1522 717 1559 472
274 1007 84 1574 912 531
275 820 280 459 594 1235
276 973 1347 879 1522 1642
277 753 791 851 1023 9
278 654 470 858 893 299
279 1179 1007 750 280 1425
280 97 820 1580 520 1419
281 820 1559 1582 485 373
282 280 459 520 125 1419
283 820 973 717 1640 1559
284 767 1596 1349 973 879
285 750 318 1043 1168 385
286 237 1007 558 1078 966
287 886 984 1603 1533 1071
288 1642 1559 200 625 561
289 750 280 1038 1580 318
290 1603 1103 1582 485 251
291 1007 84 1574 912 531
292 886 984 239 1533 1103
293 1496 1323 1416 1505 953
294 646 1636 640 374 1170
295 12 406 635 1219 99
296 1505 366 1532 1272 1545
297 820 280 1559 625 520
298 1147 79 1214 1531 397
299 1213 654 1280 858 429
300 1137 1349 973 1347 879
301 97 820 750 280 459
302 1545 36 1629 616 1192
303 640 374 1170 767 1137
304 625 1059 1089 886 984
305 1505 366 1532 1272 1545
306 1039 237 860 1007 558
307 459 125 239 1575 485
308 750 280 459 594 1235
309 925 646 1663 1636 640
310 750 318 1043 459 594
311 750 280 1038 1580 318
312 1596 820 973 1642 1559
313 750 1038 1580 318 1043
314 1596 973 879 1491 1522
315 1077 1474 85 456 1182
316 85 447 1007 84 1574
317 1147 1214 1531 397 904
318 1410 1168 385 969 594
319 767 1596 1349 973 879
320 1425 1038 286 1580 1043
321 963 200 561 878 1153
322 750 1043 459 594 582
323 1137 1349 973 1347 879
324 237 860 1007 558 966
325 767 1137 1596 1349 973
326 973 1491 1642 717 1640
327 1179 750 280 1425 1038
328 1137 1347 472 963 878
329 459 125 239 468 485
330 67 925 646 859 1663
331 1342 16 748 1564 380
332 750 280 1425 1038 1580
333 820 973 1559 625 561
334 820 750 280 459 594
335 1010 1490
336 1571 156 885 1387 1309
337 1039 1107 237 860 1007
338 447 1574 912 531 1092
339 1505 953 366 1532 1272
340 767 1596 1349 973 1347
341 1226 744 31 76 617
342 1663 767 1596 1349 973
343 1347 1522 963 878 1153
344 239 167 256 343 902
345 640 374 1170 767 1137
346 84 1574 912 531 1092
347 12 406 635 1219 99
348 1596 1349 973 1347 879
349 886 954 143 1603 1533
350 1280 470 858 893 299
351 1342 748 380 1147 79
352 1596 973 1491 1522 1642
353 237 860 1007 558 966
354 963 878 1153 1070 1301
355 97 1179 820 280 1038
356 374 1137 1347 879 1522
357 925 646 859 1663 1636
358 750 280 318 1043 459
359 374 1170 767 1137 1596
360 237 860 1007 558 966
361 1147 79 1214 1531 397
362 1553 1463 547 519 130
363 1596 973 1347 879 1491
364 1179 1007 1574 912 531
365 750 280 318 1043 459
366 1589 1263 650 5 524
367 1179 1007 750 280 458
368 84 1574 912 531 1092
369 67 925 646 859 1663
370 447 1574 750 458 1425
371 750 280 1038 1580 318
372 97 1179 820 750 280
373 97 1179 280 1038 1580
374 67 925 646 859 1636
375 239 1575 1232 1128 145
376 470 893 1242 383 429
377 1349 973 1347 879 1491
378 97 820 973 280 1559
379 574
380 657 1077 456 1182 853
381 750 1038 318 1043 1410
382 1179 1007 84 1574 912
383 470 858 893 376 1242
384 750 280 1038 1043 459
385 237 860 558 1078 966
386 1179 1007 1574 912 531
387 616 1192 756 12 406
388 1077 1474 1182 853 1392
389 820 280 1559 459 984
390 888 191 1632 1325 1164
391 1179 1007 750 280 1425
392 767 1596 1349 973 1347
393 1179 1007 750 280 1425
394 237 1007 487 84 1574
395 640 374 1170 767 1137
396 1107 237 860 1007 558
397 1147 1214 1531 317 904
398 820 750 280 459 594
399 1179 750 280 1425 1038
400 459 125 605 239 468
401 750 1038 1580 318 1043
402 459 239 1582 485 373
403 605 1103 1582 485 751
404 973 879 1491 1522 1642
405 1137 1347 879 1522 472
406 877 1505 1532 36 1192
407 750 280 1425 1038 1580
408 280 459 239 1582 485
409 200 561 1070 1301 934
410 973 1347 879 1491 1522
411 1371 1039 1107 237 860
412 1007 487 84 1574 912
413 1571 1496 953 1272 1545
414 974 1553 1463 547 519
415 1559 200 625 561 696
416 422 1059 886 984 100
417 280 459 520 1419 239
418 39 369 422 1059 886
419 1596 973 1491 1522 1642
420 1007 84 1574 912 531
421
422 925 646 859 1663 1636
423 750 459 594 1235 520
424 1347 963 200 561 878
425 97 1179 820 750 280
426 640 374 1170 767 1137
427 767 1596 1349 973 879
428 422 886 239 1603 1533
429 470 893 299 376 1242
430 97 1179 820 280 1580
431 767 1596 1349 973 1347
432 1596 1349 973 1491 1642
433 1010 936 1223 133 1233
434 1147 79 1214 1531 397
435 406 635 1219 99 1371
436 820 280 459 594 1235
437 820 973 1491 1642 717
438 239 485 1584 121 943
439 925 646 859 1663 1636
440 97 1179 820 750 280
441 820 280 605 239 468
442 237 860 1007 558 966
443 1416 1505 953 366 1532
444 1147 79 1214 1531 397
445 280 459 239 1582 485
446 750 1580 318 1043 796
447 85 456 1392 249 712
448 1046 791 1390 861 851
449 820 280 459 239 954
450 1179 750 280 1425 1038
451 237 860 1007 558 966
452 925 646 859 1663 1636
453 750 280 1425 1038 1580
454
455 1179 1007 966 84 1574
456 1370 657 1077 1182 447
457 237 1007 558 966 487
458 1007 966 1200 84 1574
459 1574 1038 1580 1043 364
460 1226 341 744 647 1001
461 646 1663 1636 640 374
462 1342 748 380 1147 79
463 239 1582 485 373 751
464 459 125 239 485 401
465 237 860 1007 558 966
466 820 973 1559 625 561
467 1007 84 1574 912 531
468 1580 552 459 594 60
469 1347 1642 717 1640 1559
470 893 376 1242 383 429
471 1663 1636 640 374 1170
472 67 925 646 859 1663
473 612 820 1089 1582 485
474 820 625 1379 1059 1089
475 820 280 1559 625 1499
476 97 1179 820 280 60
477 1179 280 1425 1038 1580
478 1370 657 1077 85 456
479 1474 1342 16 748 380
480 640 374 1170 1137 1349
481 1559 330 200 625 561
482 1179 1007 750 280 1425
483 447 750 1038 318 1043
484 374 1170 1137 1596 1349
485 820 280 520 1419 468
486 1179 750 280 1425 1038
487 619 860 558 966 1200
488 1596 973 879 1491 1522
489 237 860 1007 558 1078
490 97 1179 820 280 459
491 886 239 485 1660 584
492 1153 39 369 422 1059
493 750 1425 1038 1580 318
494 654 1280 470 858 893
495 1046 448 791 1390 861
496 767 1596 1349 973 1347
497 1370 657 1077 1474 85
498 459 239 1582 485 373
499 1574 531 1092 1480 458
500 820 280 459 1235 520
501
502 820 280 459 520 239
503 1505 366 1532 1272 1545
504 1349 973 1347 879 1491
505 750 280 1038 1580 318
506 750 280 1425 1038 1580
507 406 635 99 1371 1039
508 1007 84 1574 531 1092
509 1179 1007 1574 912 531
510 459 125 605 239 1575
511 654 1280 470 858 893
512 97 1179 820 750 280
513 750 280 1038 1580 318
514 859 1663 1636 640 374
515 640 374 1170 1137 1596
516
517 646 1636 640 374 1170
518 1559 472 330 200 625
519 974 1553 1463 547 362
520 1179 280 1425 1038 1580
521 820 973 1559 625 561
522 459 239 485 373 1584
523 820 750 280 459 594
524 1401 1008 1589 1263 650
525 1401 1008 650 5 524
526 413 1426 0 1496 1323
527 1409 233 647 877 1001
528 705 1020
529 12 406 635 1219 99
530 422 1059 1089 886 984
531 966 1200 1574 881 912
532 239 1103 1582 485 121
533 973 1491 1559 200 625
534 459 520 125 239 468
535 97 1179 820 750 280
536 750 1235 1002 520 125
537 1596 973 1491 1642 717
538 39 1499 369 422 1059
539 973 1491 1642 717 1640
540 85 447 1007 1574 912
541 820 973 1642 1640 1559
542 1505 953 366 1532 1272
543 1179 1007 912 750 280
544 767 1137 1596 1349 973
545 886 239 485 1660 1584
546 750 1038 1580 318 1043
547 974 1553 1463 519 362
548 1636 640 374 1170 767
549 973 1491 1522 1642 717
550 820 280 1559 625 696
551 459 239 468 485 401
552 1179 1007 1574 912 531
553 820 973 1491 1642 1640
554 472 625 1153 1070 934
555 39 1499 369 422 1059
556 459 239 468 1582 485
557 97 1179 820 280 1580
558 860 966 487 1200 84
559 239 1582 485 751 1338
560 36 1629 616 1192 756
561 925 646 859 1636 640
562 1663 767 1596 973 1642
563 99 1371 1039 1107 237
564 820 750 280 459 594
565 39 422 886 239 1603
566 97 1179 820 750 280
567 767 1596 1349 973 1347
568 1179 237 1007 487 84
569 1596 973 879 1491 1522
570 1505 366 1532 1272 1545
571 447 1574 912 531 1092
572 963 878 1153 1070 1301
573 973 717 1559 472 330
574 379
575 750 1425 1038 1580 318
576 640 374 1170 767 1137
577 1474 853 1392 249 712
578 1280 470 893 299 376
579 820 280 1559 625 1235
580 886 239 1071 1582 357
581 820 280 1559 625 1379
582 84 1574 912 531 1092
583 1463 547 519 362 1217
584 859 1663 1636 640 374
585 753 191 1632 1325 1164
586 878 1153 39 1499 369
587 750 280 1038 1580 318
588 767 1596 1349 973 1347
589 280 459 520 125 1419
590 1179 1007 1574 912 531
591 97 1179 820 750 280
592 1179 237 1007 1574 912
593 239 1582 485 751 1338
594 84 1580 318 1410 552
595 888 191 1632 1325 1164
596 748 380 1147 79 1214
597 1636 640 374 1170 767
598 820 280 459 1419 239
599 925 646 1663 1636 640
600 750 280 1038 1580 318
601 750 280 1043 459 594
602 29 714 1585 1140 52
603 1179 1007 1574 912 531
604 1596 1349 973 1347 879
605 750 1580 318 796 1410
606 239 1582 485 751 1338
607
608 459 239 1582 485 373
609 879 1491 717 1640 1559
610 750 1425 1038 1580 318
611 97 820 280 459 520
612 473 137 1413
613 984 1103 1582 357 485
614 487 84 750 1425 1488
615 1191 159 252
616 1589 1263 650 5 524
617 1226 341 744 1001 31
618 654 1280 470 858 893
619 1415 756 1219 99 860
620 1107 237 860 1007 558
621 239 1582 485 751 1338
622 954 517 143 1103 1582
623 220 413 1053 1426 0
624 1663 1170 767 1596 1349
625 767 1596 1349 973 1491
626 1559 625 1499 886 984
627 1179 820 750 280 1425
628 820 280 459 1235 520
629 820 1640 1559 625 1379
630 85 447 1007 84 1574
631 820 280 520 1419 468
632 925 646 1663 1636 374
633 973 1642 717 1640 1559
634 750 318 1043 1168 594
635 1589 1263 650 5 524
636 657 1077 1474 85 1182
637 750 280 318 1043 459
638 1007 912 750 458 1425
639 753 1390 861 851 1074
640 67 925 646 859 1636
641 750 280 1038 318 1043
642 1007 966 487 84 1574
643 97 1179 1007 820 750
644 1642 1559 200 625 561
645 750 1425 1038 1580 318
646 67 925 859 1636 640
647 1409 233 877 1001 31
648 1559 200 625 561 696
649 12 406 635 1219 99
650 1401 1008 1589 1263 5
651 1170 767 1596 1349 973
652 413 1426 0 1496 1323
653 280 459 520 125 1419
654 1280 858 299 1471 618
655 748 380 1147 79 1214
656 459 125 239 468 1575
657 1077 456 1182 853 1415
658 1347 879 1522 717 1640
659 1596 973 1491 1642 717
660 820 280 459 594 520
661 859 640 374 1170 767
662 1463 547 519 362 1217
663 820 280 459 520 1419
664 447 237 860 1007 558
665 859 1663 1636 640 374
666 820 280 520 239 468
667 973 1642 1559 330 200
668 1046 448 791 1390 861
669 750 459 125 1419 605
670 640 374 1170 767 1137
671 237 860 1007 558 966
672 753 1381 1325 1164 1340
673 1401 1008 1589 1263 650
674 1043 459 125 605 239
675 1401 1008 1589 1263 650
676 459 239 1582 485 373
677 886 239 1603 1533 1071
678 1179 820 750 280 1425
679 1463 547 519 362 1217
680 97 1179 820 750 280
681 767 1137 1596 1349 973
682 239 485 584 107 121
683 239 1103 1582 357 485
684 1007 84 1574 912 531
685 1379 422 1059 1089 886
686 1179 237 1007 558 966
687 820 280 459 239 468
688 239 1582 485 751 1338
689 966 487 84 1574 912
690 97 820 280 1559 459
691 973 879 1491 1522 1642
692 750 1425 1038 1580 318
693 750 1038 1580 318 1043
694 374 1170 1137 1596 1349
695 97 820 280 625 459
696 925 646 859 1663 1636
697 1574 531 503 1480 458
698 750 280 459 594 1235
699 99 1371 1039 1107 237
700 973 1347 879 1491 1522
701 374 1170 1596 1349 1347
702 820 280 1559 625 1499
703 767 1596 973 879 1491
704 1179 1007 84 1574 912
705 528
706 447 237 860 1007 558
707 925 646 1663 1636 640
708 1147 79 1214 1531 397
709 1179 750 280 1425 1038
710 750 459 520 125 1419
711 820 280 984 239 954
712 1370 657 1077 85 456
713 750 280 1038 1580 1043
714 1590 1585 1140 602 52
715 1170 767 1596 1349 973
716 97 820 973 280 1559
717 67 925 646 859 1663
718 97 1179 820 750 280
719 767 1596 1349 973 1347
720 820 1642 1640 1559 625
721 820 280 1559 625 1379
722 280 459 520 125 1419
723 1532 1272 1545 36 1629
724 1179 237 1007 1574 912
725 97 820 280 1559 625
726 1596 973 1522 1642 717
727 1070 1301 934 369 1379
728 750 459 1235 1002 520
729 1596 973 879 1491 1522
730 750 1425 1038 1580 318
731 750 280 1043 459 594
732 750 1425 1038 1580 318
733 237 860 558 966 487
734 640 374 1170 767 1137
735 1153 39 369 422 886
736 820 280 459 594 1235
737 974 1553 1463 547 519
738 220 413 1053 1426 0
739 97 1179 820 280 1580
740 97 820 280 459 520
741 1179 237 1007 558 966
742 39 1499 369 1379 422
743 5 1656 547 519 362
744 1226 341 31 76 617
745 1559 963 200 561 878
746 374 1137 1349 1347 879
747 767 1596 1349 973 1491
748 1474 853 249 712 1342
749 1553 1656 1463 547 519
750 1002 614 605 367 638
751 97 820 280 625 520
752 750 318 1043 1410 459
753 1164 1414 1557 920 73
754 120 753 191 1632 1325
755 1179 1007 1574 912 531
756 619 657 456 1182 853
757 750 280 1038 1580 318
758 1474 853 1392 249 712
759 925 646 1663 1636 374
760 237 860 1007 558 966
761 1474 853 1392 249 712
762 1039 1107 237 860 1007
763 459 239 468 1582 485
764 1474 1342 16 748 380
765 1559 330 963 200 625
766 1656 1463 547 519 362
767 925 646 1663 1636 1170
768 748 380 1147 79 1214
769 750 280 459 594 1235
770 459 239 1103 485 1660
771 1474 853 1392 249 712
772 750 1038 1580 318 1043
773 654 1280 470 858 893
774 1179 1007 84 1574 912
775 1179 750 280 1038 1580
776 1663 1636 640 374 1170
777 820 973 1491 280 1642
778 447 1179 1007 750 280
779 820 280 459 520 239
780 39 422 1059 886 984
781 237 860 1007 558 1078
782 820 973 1491 1642 717
783 1263 650 5 524 1656
784 459 239 485 401 373
785 1179 1007 750 280 458
786 1486 1046 448 753 791
787 820 280 239 468 1582
788 1574 531 750 458 1425
789 859 640 374 1170 767
790 422 1059 1089 886 984
791 1046 448 1390 861 851
792 1347 879 1491 1522 1642
793 750 280 1038 1043 459
794 1046 448 791 1390 861
795 413 1496 1323 1416 1505
796 1179 1007 1574 912 531
797 1153 1070 934 39 1499
798 237 860 1007 558 966
799 750 1425 1038 1580 318
800 1629 616 1192 756 12
801 1559 200 696 1089 984
802 1447 1322 108
803 237 860 1007 558 966
804 767 1596 820 973 1491
805 973 1347 879 1491 1522
806 820 280 459 594 1235
807 97 820 280 1038 1043
808 97 1179 820 750 280
809 280 459 239 468 57
810 1663 1636 640 374 1170
811 459 239 485 373 751
812 750 280 1038 1580 318
813 859 1636 640 374 1170
814 459 239 1582 485 373
815 239 1582 485 373 751
816 1179 820 750 280 1038
817 1416 1505 953 366 1532
818 974 1553 1463 547 519
819 1401 1008 1589 1263 650
820 97 280 1582 485 751
821 767 1596 820 973 1491
822 330 963 200 561 878
823 422 886 984 517 143
824 750 280 1043 459 520
825 1170 767 1137 1596 1349
826 97 820 750 280 1038
827 1349 973 879 1491 1522
828 239 1103 1582 485 373
829 820 280 1559 625 1379
830 1179 1007 750 280 1425
831 39 422 886 984 1603
832 1179 820 280 1580 459
833 1347 879 1522 717 472
834 459 239 1582 485 373
835 859 1663 1636 640 374
836 820 239 468 1103 1582
837 1559 472 330 963 200
838 1007 966 487 84 1574
839 1559 472 330 963 200
840 973 1642 1640 1559 625
841 280 1043 459 520 125
842 1505 953 366 1532 1272
843 820 973 1491 1642 1640
844 767 1137 1596 1349 973
845 1170 767 1137 1596 1349
846 1170 767 1596 1349 973
847 859 1636 640 374 1170
848 1137 1347 879 1522 717
849 820 1559 1089 984 100
850 85 1007 84 1574 912
851 1046 448 791 1390 861
852 459 605 239 485 373
853 1370 657 1077 85 456
854 1663 1636 640 374 1170
855 820 280 459 520 1419
856 85 447 1007 1574 531
857 1235 468 1582 485 373
858 1213 654 1280 299 383
859 67 925 646 1636 640
860 619 558 1078 966 487
861 1046 448 791 1390 851
862 239 1582 485 251 751
863 640 374 1170 767 1137
864 635 99 1371 1039 1107
865 820 280 1559 625 984
866 1416 1505 953 366 1532
867 820 280 459 594 1235
868 1179 750 280 1425 1038
869 820 280 1559 625 459
870 767 1596 973 1491 1642
871 820 280 1559 625 1449
872 1179 1007 912 750 280
873 97 820 280 1038 1580
874 1553 1656 1463 547 519
875 97 1179 820 750 280
876 1347 1522 472 330 963
877 1409 233 647 1001 527
878 67 925 646 859 1663
879 67 925 646 859 1663
880
881 413 1053 1426 0 1266
882 1559 625 39 1449 1499
883 447 1179 1007 487 84
884 1179 1007 84 1574 912
885 1571 336 602 156 995
886 67 925 646 859 1663
887 1596 820 973 1491 280
888 1325 1340 1414 595 390
889 616 1192 756 12 406
890 97 820 280 1235 520
891 5 524 1656 547 519
892 237 860 1007 558 966
893 470 376 1242 383 429
894 625 459 1499 1582 485
895 200 561 1153 1301 1093
896 459 125 239 468 485
897 1596 973 879 1491 1522
898 237 1007 558 966 487
899 750 1038 318 1043 459
900 767 1596 1349 973 1347
901 413 1053 1426 0 1266
902 1663 1596 1642 1559 625
903 1349 973 879 1491 1522
904 1147 1214 1531 397 317
905 1532 1545 36 1629 616
906 886 239 954 143 1603
907 280 459 605 239 468
908 97 820 280 1559 625
909 1663 374 1170 767 1137
910 1590 29 714 1585 1140
911 1663 640 374 1170 767
912 901 242 1030 531 1259
913 1170 767 1137 1596 1349
914 750 459 594 1002 1236
915 1103 1582 357 485 373
916 1349 973 1347 879 1491
917 1179 1007 750 458 1425
918 753 1023 1381 104 1164
919 750 1043 459 520 125
920 120 753 191 1632 1325
921 1147 1214 1531 397 317
922 750 1038 1580 318 1043
923 280 459 125 239 57
924 85 447 1179 1007 1574
925 67 646 859 1636 640
926 1532 36 1629 616 1192
927 1474 1342 1569 16 748
928 220 413 1053 1426 0
929 1553 1463 547 519 362
930 820 280 459 1002 520
931 767 1596 1349 973 1347
932 1107 237 860 1007 558
933 374 1137 1349 973 1347
934 67 925 646 859 1663
935 1582 485 251 751 1660
936 1223 133 1233 433 1490
937 750 280 459 1235 520
938 120 753 791 191 1632
939 1077 1474 85 456 1182
940 640 374 1170 1137 1349
941 406 635 1219 99 1371
942 640 374 1170 1137 1349
943 458 1038 1488 286 318
944 1179 1007 750 280 1425
945 97 1179 820 750 280
946 1170 1137 1596 1349 1347
947 974 1553 1463 547 519
948 237 860 1007 558 966
949 1368 994
950 1179 750 280 1038 1580
951 1007 84 1574 912 531
952 750 280 1043 459 125
953 1571 336 1309 181 980
954 925 646 1663 1636 640
955 374 1137 1349 1347 879
956 750 1038 1580 318 1043
957 820 468 1103 1582 485
958 1107 237 860 1007 558
959 820 973 1642 1640 1559
960 1371 1039 1107 237 860
961 748 1147 79 1214 1531
962 1474 1342 16 748 1564
963 67 925 646 859 1663
964 973 1642 717 1640 472
965 750 1425 1038 286 1580
966 99 1371 1039 1107 237
967 12 406 635 1219 99
968 237 860 1007 558 966
969 1039 237 860 1007 558
970 820 973 280 1559 625
971 974 1553 1463 547 519
972 1522 472 330 963 200
973 767 1596 1491 1642 1640
974 1553 1463 547 519 130
975 973 1642 717 1640 1559
976 1007 487 84 1574 912
977 97 820 280 625 520
978 1596 1349 973 1347 879
979 1349 973 1347 879 1491
980 1571 336 156 885 1387
981 459 1235 520 1419 468
982 820 1559 200 625 561
983 750 1043 459 1235 1002
984 925 646 1663 1636 374
985 239 954 468 143 1103
986 753 191 1632 1325 1164
987 406 635 1219 99 1371
988 973 1642 717 1640 1559
989 820 750 280 459 1235
990 472 963 561 878 1153
991 36 1629 616 1192 756
992 1629 1192 756 12 406
993 459 125 1419 239 468
994 1368 949
995 29 714 1585 1140 602
996 750 280 459 594 60
997 97 820 280 1559 459
998 616 1192 756 12 406
999 97 820 280 459 60
1000 1642 1559 963 200 625
1001 233 647 877 617 460
1002 750 318 1043 1313 1410
1003 422 1059 1089 886 984
1004 1474 1392 249 712 1342
1005 1559 330 963 200 561
1006 29 714 1585 1140 336
1007 1184 458 1425 286 1580
1008 1401 1589 1263 650 5
1009 820 280 459 1235 520
1010 335 1223 133 1233 433
1011 85 447 1179 1007 84
1012 220 413 1053 1426 0
1013 459 520 125 1419 239
1014 820 1559 625 561 1379
1015 750 1425 1038 1580 318
1016 925 646 859 1663 1636
1017 84 750 1580 318 1313
1018 1007 84 1574 912 531
1019 820 1559 625 1449 1499
1020 528
1021 459 239 468 1582 485
1022 12 406 635 1219 99
1023 1486 1046 448 791 1390
1024 447 750 1425 1038 286
1025 767 1596 1349 973 879
1026 767 1596 1349 973 879
1027 1179 1007 1574 912 531
1028 1179 820 280 1580 60
1029 974 1553 1463 547 519
1030 220 413 1053 1426 0
1031 1474 249 712 1342 1569
1032 413 1426 0 1496 1323
1033 767 1596 1349 973 879
1034 973 1491 1642 1640 1559
1035 84 1574 912 531 1092
1036 820 1559 200 625 696
1037 750 280 1038 1580 318
1038 1574 531 1425 1580 1043
1039 413 1589 1263 650 5
1040 99 1371 1039 1107 237
1041 974 1553 1463 547 519
1042 750 280 1580 318 459
1043 1574 531 1038 1580 796
1044
1045 1179 237 1007 966 1200
1046 448 791 1390 861 851
1047 1179 820 750 280 1580
1048 280 459 520 125 1419
1049 1663 1636 640 374 1170
1050 820 280 459 520 1419
1051 1179 1007 1574 750 458
1052 750 1038 1580 318 1043
1053 888 191 1632 1325 1164
1054 820 750 280 459 1235
1055 1474 853 1392 249 712
1056 1347 879 1522 1642 717
1057 97 1179 820 750 280
1058 767 1596 973 879 1491
1059 925 646 859 1663 1636
1060 820 973 1640 1559 200
1061 1179 237 1007 1574 912
1062 1401 1008 1589 1263 650
1063 820 973 1491 1642 1640
1064 97 820 973 1491 1642
1065 487 84 1574 912 531
1066 97 820 280 1038 1043
1067 820 750 280 1043 459
1068 1559 984 143 1103 1582
1069 374 1170 767 1137 1596
1070 67 925 646 859 1663
1071 67 925 646 859 1663
1072 820 422 1059 1089 886
1073 39 886 1533 1660 584
1074 1046 448 791 1390 861
1075 1663 1636 640 374 1170
1076 97 1179 820 280 1580
1077 1370 657 456 1182 853
1078 619 657 456 1182 1323
1079 750 280 459 594 1235
1080 820 973 1642 1640 1559
1081 237 860 1007 558 1078
1082 1170 767 1596 1349 973
1083 1347 1522 472 330 963
1084 97 1179 820 280 1559
1085 820 280 1235 520 1419
1086 750 280 1038 1580 318
1087 220 413 1053 1426 0
1088 1532 1272 1545 36 1629
1089 925 646 859 1663 1636
1090 859 1636 640 374 1170
1091 625 369 1379 422 1059
1092 619 456 1182 1415 1192
1093 67 925 646 859 1663
1094 1179 750 280 1425 1038
1095 625 561 422 1059 1089
1096 447 750 280 1425 1038
1097 280 459 239 1582 485
1098 767 1596 1349 973 1347
1099 820 459 239 468 57
1100 1559 330 963 200 625
1101 750 280 459 594 1235
1102 239 468 485 401 373
1103 640 374 1137 1349 1347
1104 97 1179 820 750 280
1105 12 406 635 1219 99
1106 237 860 1007 558 1078
1107 1053 1426 0 1266 1323
1108 974 1553 1463 547 519
1109 1147 1214 1531 397 317
1110 1179 750 280 1425 1038
1111 1179 750 280 1425 1038
1112 561 1603 1103 1582 1660
1113 1179 750 280 1425 1038
1114 85 447 1179 237 1007
1115 406 635 1219 99 1371
1116 1007 487 84 1574 912
1117 1137 1349 973 1347 879
1118 1179 750 280 1425 1038
1119 97 820 280 1559 625
1120 1147 79 1214 1531 397
1121 97 1179 820 280 1580
1122 97 820 280 1559 1235
1123 1596 1347 879 1491 1522
1124 820 280 1559 468 517
1125 1137 1596 1349 973 1347
1126 1179 1007 1574 912 750
1127 1179 820 750 280 1038
1128 973 1491 1642 1640 1559
1129 1590 29 714 1585 1140
1130 1574 458 1425 1038 1488
1131 820 973 1491 1642 717
1132 1401 1008 1589 1263 650
1133 239 1103 1582 357 485
1134 1179 280 1038 1043 459
1135 1179 237 1007 487 84
1136 1179 750 280 1425 1038
1137 67 925 646 859 1636
1138 1039 1107 237 1007 558
1139 859 1663 1636 640 374
1140 29 714 1585 602 52
1141 750 280 1038 1043 459
1142 594 1235 1002 520 1236
1143 820 973 1642 1640 1559
1144 1226 341 744 1001 31
1145 1559 330 963 200 625
1146 1323 1416 1505 953 366
1147 1214 1531 397 317 904
1148 750 1425 1038 1580 318
1149 99 1371 1039 1107 237
1150 1179 237 1007 966 84
1151 750 1038 318 1043 459
1152 973 879 1491 1522 1642
1153 67 925 646 859 1663
1154 97 820 280 625 459
1155 239 1582 485 373 751
1156 1663 374 1170 767 1137
1157 1153 1093 39 1449 1499
1158 650 5 524 1656 1463
1159 1559 330 963 200 625
1160 237 860 1007 558 966
1161 1179 1007 1574 912 531
1162 650 524 1656 1463 547
1163 750 280 1425 1038 1580
1164 753 191 1632 1325 1340
1165 97 1179 820 280 1580
1166 753 191 1632 1325 1164
1167 447 1179 1007 1574 750
1168 860 558 966 487 84
1169 1179 820 750 280 1038
1170 67 925 646 859 1636
1171 1559 886 984 954 100
1172 1401 1008 1589 1263 650
1173 97 1179 820 750 280
1174 1179 1574 531 750 458
1175 470 858 893 299 376
1176 1007 1574 912 531 1092
1177 750 280 459 594 1002
1178 1636 640 374 1170 767
1179 1425 796 552 60 1045
1180 1553 1656 1463 547 519
1181 1574 531 750 458 1425
1182 1370 657 1077 85 456
1183 640 374 1170 767 1137
1184 1505 953 366 1532 1272
1185 1179 1007 84 1574 912
1186 472 330 963 200 561
1187 237 860 1007 558 966
1188 1179 750 280 1425 1038
1189 330 963 200 561 878
1190 1553 1463 547 519 362
1191 615
1192 220 657 456 1182 1415
1193 1409 233 647 877 1001
1194 820 280 459 520 239
1195 237 860 1007 558 1078
1196 97 1179 820 750 280
1197 1629 616 1192 756 12
1198 963 200 561 878 1153
1199 820 1559 625 878 39
1200 413 1589 1496 1323 1416
1201 39 369 422 1059 886
1202 1147 1214 1531 397 317
1203 963 878 1153 1093 39
1204 820 280 239 468 1582
1205 237 860 1007 558 966
1206 750 280 1038 1580 1043
1207 374 1170 767 1137 1596
1208 767 1596 820 973 879
1209 1505 953 366 1532 1272
1210 820 973 280 1642 1640
1211
1212 1571 1140 336 602 52
1213 858 299
1214 1147 1531 397 317 904
1215 1663 1596 973 1642 1559
1216 820 973 280 1642 1559
1217 1401 1008 1589 1263 650
1218 125 1419 605 239 468
1219 619 657 456 1182 853
1220 97 820 280 1559 520
1221 750 318 459 1002 125
1222 1553 1463 547 519 362
1223 1010 936 133 1233 433
1224 1663 1636 640 374 1170
1225 1077 1474 85 456 1182
1226 341 744 31 76 617
1227 1323 1416 1505 953 366
1228 1153 1093 39 1499 369
1229 237 860 558 1078 966
1230 1077 1474 85 456 1182
1231 1147 1214 1531 397 317
1232 459 1419 239 57 485
1233 1010 936 1223 133 433
1234 886 1603 1533 1071 1103
1235 1179 1425 1038 1580 796
1236 84 1092 458 1425 1488
1237 237 1007 558 966 487
1238 973 1491 1642 717 1640
1239 820 1559 200 625 696
1240 97 1179 820 280 459
1241 820 750 280 1580 318
1242 470 893 376 383 429
1243 36 1629 616 1192 756
1244 925 646 859 1663 1636
1245 748 1147 79 1214 1531
1246 97 1179 820 750 280
1247 1371 1039 1107 237 860
1248 459 125 1419 239 468
1249 1532 36 1629 616 1192
1250 820 280 1235 520 1419
1251 1401 1008 1589 1263 650
1252 1499 886 984 100 1603
1253 1007 84 1574 912 531
1254 1409 233 647 877 1001
1255 85 447 1007 1574 912
1256 1179 1007 750 458 1425
1257 1401 1008 1589 1263 650
1258 767 1596 973 879 1491
1259 619 413 1496 1323 1415
1260 1401 1008 1589 1263 650
1261 1663 374 1170 767 1137
1262 820 1559 625 954 517
1263 1401 1008 1589 650 5
1264 753 191 1632 1325 1164
1265 1077 1474 1182 853 1392
1266 888 191 1632 1325 1164
1267 750 1425 1038 1580 318
1268 717 1559 472 330 963
1269 97 820 750 280 459
1270 1532 36 1629 616 1192
1271 237 1007 558 966 487
1272 1571 336 1309 181 980
1273 99 1371 1039 1107 237
1274 1153 39 1499 369 422
1275 1553 1463 547 519 362
1276 1342 748 380 1147 79
1277 1553 1656 1463 547 519
1278 97 1179 820 280 1580
1279 280 459 239 1582 485
1280 654 858 299 1471 578
1281 750 1038 1580 318 1043
1282 97 820 973 280 1559
1283 237 1007 966 84 1574
1284 97 820 280 625 459
1285 750 280 1038 1580 318
1286 1349 973 1347 879 1491
1287 1401 1008 1263 650 5
1288 963 1153 39 1499 369
1289 447 1179 1007 1574 912
1290 1663 767 1596 1349 973
1291 966 487 84 1574 912
1292 750 280 318 1043 459
1293 1499 1089 886 984 954
1294 97 1179 820 280 1580
1295 1474 1342 16 748 380
1296 97 820 280 459 1235
1297 1349 973 1347 879 1491
1298 1349 973 1347 879 1491
1299 640 374 1170 1137 1596
1300 1636 640 374 1170 767
1301 925 646 859 1663 1636
1302 1342 16 748 380 1147
1303 820 280 459 1235 520
1304 1323 1416 1505 953 366
1305 605 239 1103 1575 485
1306 1559 330 200 625 561
1307 820 280 1559 1235 468
1308 97 820 750 280 459
1309 1571 336 156 885 1387
1310 820 973 1640 1559 625
1311 859 1663 1636 640 374
1312 125 1419 239 468 57
1313 1007 966 84 1574 912
1314 974 1553 1463 547 519
1315 1179 1007 912 750 280
1316 280 594 1235 1002 520
1317 1170 767 1137 1596 1349
1318 820 750 280 1038 1043
1319 1179 750 280 1425 1038
1320 963 878 1153 1070 1301
1321 860 558 487 84 458
1322 802 953 366 1532 1545
1323 191 1632 1325 1164 1340
1324 750 1425 1038 1580 318
1325 888 191 1632 1164 1340
1326 820 973 1642 1559 625
1327 1077 1474 1182 853 1392
1328 878 1153 1070 1301 934
1329 1179 1007 1574 750 458
1330 753 791 851 1074 1023
1331 973 1491 1642 717 1640
1332 1179 820 750 280 1038
1333 973 1491 1642 717 1640
1334 750 1043 459 594 1235
1335 239 485 373 751 1584
1336 97 820 280 1559 625
1337 459 605 239 468 485
1338 820 625 520 1582 485
1339 1636 640 374 1170 767
1340 888 191 1632 1325 1164
1341 748 1147 79 1214 1531
1342 1077 1474 1182 853 1392
1343 237 860 1007 558 1078
1344 859 1663 1636 640 374
1345 237 860 1007 558 966
1346 750 280 1038 318 1043
1347 67 925 646 859 1663
1348 239 1103 1582 485 751
1349 67 925 646 859 1663
1350 646 1636 1170 767 1137
1351 1170 767 1596 1349 973
1352 973 1347 879 1491 1522
1353 820 280 468 517 143
1354 973 1491 1642 717 1640
1355 1596 1349 973 1347 879
1356 750 1488 318 560 1043
1357 974 1553 1463 547 519
1358 12 406 635 1219 99
1359
1360 239 1584 121 483 1232
1361 1596 1349 973 879 1491
1362 750 280 1043 459 594
1363 1179 237 1007 966 487
1364 1491 1522 1642 717 1640
1365 748 380 1147 79 1214
1366 447 750 1425 1038 286
1367 12 406 635 1219 99
1368 994 949
1369 820 973 1559 625 561
1370 1409 233 877 1254 1077
1371 191 1632 1414 595 1053
1372 859 1663 1636 640 374
1373 239 1103 485 584 107
1374 1007 1574 912 750 458
1375 1596 1349 973 879 1491
1376 280 459 520 125 1419
1377 820 973 1559 200 625
1378 447 750 1038 1580 318
1379 925 646 1663 1636 374
1380 487 84 1574 912 531
1381 1046 448 791 1390 861
1382 447 1179 1007 750 280
1383 750 280 1425 1038 1580
1384 767 1596 1349 973 1347
1385 459 1235 520 239 468
1386 1179 820 750 280 1580
1387 1571 336 52 156 1457
1388 640 374 1170 767 1137
1389 1347 879 1522 1642 717
1390 1046 448 791 861 851
1391 1596 1349 973 1347 879
1392 1370 657 1077 85 456
1393 820 280 1235 520 1419
1394 750 280 1038 1580 318
1395 1147 79 1214 1531 397
1396
1397 239 1582 485 1338 707
1398 1505 366 1532 1545 36
1399 925 646 1663 1636 640
1400 750 280 1425 1038 1580
1401 1008 1589 1263 650 5
1402 1077 1474 1182 853 1392
1403 1347 879 1522 717 472
1404 767 1596 1349 973 1347
1405 237 860 1007 558 1078
1406 237 1007 966 487 84
1407 820 973 1491 280 1642
1408 820 1559 625 984 954
1409 233 647 877 527 1254
1410 1007 1574 912 531 339
1411 750 280 1038 1580 318
1412 85 447 1007 487 84
1413 612 820 750 280 459
1414 888 753 191 1632 1325
1415 619 1370 657 1077 456
1416 191 1632 1325 1164 1340
1417 237 860 1007 558 966
1418 750 1425 1038 1580 318
1419 1179 1007 280 1425 1038
1420 973 1522 1642 717 1640
1421 413 1053 1426 0 1266
1422 237 1007 558 966 487
1423 1342 16 748 380 1147
1424 750 1038 1580 318 1043
1425 1179 1007 912 1184 458
1426 888 191 1632 1325 1414
1427 1179 750 280 1038 1580
1428 1046 448 791 1390 861
1429 820 280 459 239 954
1430 239 1582 485 751 1584
1431 925 646 859 1663 1636
1432 97 820 973 280 1642
1433 1179 280 1038 1580 1043
1434 1401 1008 1589 1263 650
1435 820 1642 1640 1559 625
1436 973 1491 1642 1640 1559
1437 120 753 1023 1381 104
1438 1179 1007 750 280 458
1439 524 1463 547 519 362
1440 1179 750 280 1425 1038
1441 984 1603 1103 1582 485
1442 1347 1522 472 330 963
1443 1596 973 879 1491 1522
1444 1007 558 966 487 84
1445 1409 233 647 877 1001
1446 973 879 1491 1522 1642
1447 802 953 366 1532 1272
1448 714 1585 1140 336 602
1449 925 646 1663 1636 640
1450 237 860 1007 558 966
1451 820 1559 625 1379 1059
1452 374 1170 767 1137 1596
1453 1179 820 750 280 1425
1454 973 1491 1642 717 1640
1455 750 280 1038 1580 318
1456 374 1170 767 1137 1596
1457 1590 29 714 1585 1140
1458 1596 820 973 1491 1642
1459 447 1574 912 750 458
1460 750 1038 1580 318 1043
1461 237 860 1007 558 966
1462 413 1426 0 1496 1323
1463 974 1553 547 519 362
1464 820 280 625 954 468
1465 1349 973 1347 879 1491
1466 750 318 1043 459 594
1467 820 280 1235 520 1419
1468 767 1596 1349 973 879
1469 640 374 1170 767 1137
1470 406 635 1219 99 1371
1471 654 1280 858 299 376
1472 1656 547 519 362 1217
1473 750 1425 1038 1580 318
1474 1342 1569 748 1265 1611
1475 1571 1140 336 602 156
1476 748 1147 79 1214 1531
1477 143 1103 1582 485 751
1478 650 524 1656 1463 547
1479 1596 973 879 1491 1522
1480 36 1192 756 12 406
1481 1371 1039 1107 237 860
1482 280 459 1235 520 125
1483 1137 1347 879 1522 330
1484 120 753 791 1325 1164
1485 1007 558 966 487 84
1486 1023 9 104 221 786
1487 750 280 1043 459 594
1488 99 1371 1039 1107 237
1489 1179 1007 487 84 1574
1490 335 1010 936 1223 133
1491 925 646 859 1663 1636
1492 374 1170 767 1137 1596
1493 1505 953 366 1532 1272
1494 459 125 239 485 1584
1495 750 280 459 594 1235
1496 1571 336 885 1309 181
1497 1137 1349 1347 879 1491
1498 1179 280 1038 1580 1043
1499 646 1663 1636 374 767
1500 447 750 1038 1580 318
1501 820 1559 625 1449 1379
1502 374 1137 1347 879 1522
1503 558 966 487 84 1574
1504 1532 1545 36 1629 616
1505 1192 756 406 1219 99
1506 820 1559 1089 100 517
1507 5 1656 519 362 1217
1508 767 1596 1349 973 879
1509 820 1559 625 561 1449
1510 750 1038 318 1043 796
1511 963 1153 39 369 1379
1512 280 459 520 605 239
1513 239 1103 485 121 1232
1514 97 1179 820 750 280
1515 1192 756 12 406 635
1516 97 1179 820 750 280
1517 973 1347 879 1491 1522
1518 1179 1007 820 750 280
1519 447 750 1425 1038 1488
1520 97 1179 820 750 280
1521 1179 1007 912 750 458
1522 67 925 646 859 1663
1523 1147 79 1214 1531 397
1524 973 1491 1642 717 1640
1525 459 239 1582 485 373
1526 239 485 1232 167 908
1527 1179 750 280 1038 1580
1528 750 280 1038 1580 318
1529 1559 200 625 561 934
1530 280 459 1235 520 125
1531 1147 1214 397 317 904
1532 1409 877 1192 756 406
1533 67 925 646 859 1663
1534 820 280 1103 1582 485
1535 820 57 1582 485 373
1536 1235 468 517 1103 1582
1537 750 280 1038 1580 318
1538 1147 79 1214 1531 397
1539 99 1371 1039 1107 237
1540 97 820 750 280 459
1541 1179 1007 750 280 458
1542 859 1636 640 374 1170
1543 413 1053 1426 0 1496
1544 750 280 1038 1580 318
1545 1571 336 1309 181 980
1546 820 1559 625 1379 1059
1547 820 280 459 239 1582
1548 767 1596 820 973 1491
1549 1596 1349 973 1347 879
1550 97 1179 820 750 280
1551 237 860 1007 558 966
1552 973 879 1491 1522 1642
1553 974 1463 547 519 362
1554 750 280 1038 1580 318
1555 1179 750 280 1038 1580
1556 820 973 1491 280 1559
1557 753 1632 1325 1164 1340
1558 654 1280 470 858 893
1559 767 1596 973 1491 1642
1560 447 750 1038 1580 318
1561 97 1179 820 280 1038
1562 1474 853 1392 249 712
1563 447 1179 750 280 1425
1564 1370 657 1077 85 456
1565 280 459 520 125 1419
1566 1192 756 12 406 635
1567 1401 1008 1589 1263 650
1568 1559 625 984 954 143
1569 1370 657 1077 1474 85
1570 750 1425 1038 1580 318
1571 336 156 885 1387 1309
1572 750 280 1043 459 594
1573 1559 1379 422 1059 1089
1574 531 1184 1480 458 293
1575 750 1488 318 560 1043
1576 767 1596 1349 973 879
1577 374 1137 1349 1347 879
1578 750 280 1038 1580 1043
1579 820 1559 1089 984 239
1580 1007 280 1425 1038 1043
1581 1347 879 1522 717 1640
1582 820 1642 1559 625 1499
1583 374 1170 767 1137 1596
1584 447 750 318 1043 1410
1585 1590 714 1140 602 52
1586 635 99 1371 1039 1107
1587 750 1425 1038 1488 1580
1588 459 239 1582 485 373
1589 1401 1008 1263 650 5
1590 714 1585 52 1457 910
1591 447 1179 1007 750 280
1592 97 820 280 1559 625
1593 1179 820 750 280 1580
1594 767 1596 973 879 1491
1595 459 125 239 485 373
1596 646 1663 1636 374 1170
1597 1039 1107 237 860 1007
1598 984 1103 1582 485 251
1599 820 459 239 468 517
1600 1179 1007 84 1574 912
1601 1179 750 280 1425 1038
1602 1070 934 696 39 369
1603 925 646 859 1663 1636
1604 1347 879 1522 1642 717
1605 1179 750 280 1425 1038
1606 413 1426 0 1496 1323
1607 1636 640 374 1170 767
1608 820 1642 1559 625 1449
1609 750 458 1425 1038 286
1610 1179 1007 750 458 1425
1611 1370 657 1077 1474 85
1612 84 1574 912 531 1092
1613 459 239 1582 485 373
1614 374 1170 1137 1596 1349
1615 820 750 280 459 594
1616 237 860 1007 558 966
1617 97 1179 820 280 1580
1618 973 1491 1522 1642 1640
1619 973 1347 879 1491 1522
1620 767 1137 1596 1349 973
1621 886 984 517 1603 1533
1622 239 1582 485 373 751
1623 1559 200 561 878 1153
1624 472 963 200 561 878
1625 1192 756 12 406 635
1626 472 963 561 878 1153
1627 973 1491 1522 1642 717
1628 12 406 635 1219 99
1629 888 191 1632 1325 1340
1630 1522 717 1640 1559 472
1631 714 1585 1140 336 602
1632 191 1325 1164 1340 1414
1633 97 820 280 1642 1559
1634 1147 79 1214 1531 397
1635 97 820 280 1235 520
1636 67 925 646 859 1663
1637
1638 1663 1636 374 1170 767
1639 1179 1007 1574 750 280
1640 925 646 859 1636 640
1641 879 330 963 200 561
1642 646 1663 1636 374 767
1643 750 1425 1038 1580 318
1644 886 1603 1103 485 1660
1645 820 280 1559 625 459
1646 1179 1007 750 458 1425
1647 1179 280 1580 459 594
1648 239 485 373 751 1338
1649 39 886 1603 1533 1103
1650 237 860 1007 558 966
1651 239 485 751 584 1338
1652 97 820 280 459 594
1653 1596 973 879 1491 1522
1654 459 125 605 239 468
1655 616 1192 756 12 406
1656 1401 1008 1589 1263 650
1657 1147 79 1214 1531 397
1658 280 459 520 125 1419
1659 750 280 318 1043 459
1660 925 859 1663 1636 640
1661 750 280 1038 1580 318
1662 1663 1596 1349 973 879
1663 1636 767 1596 1349 1347
