0 24 23 27 7 28
1 19 20 13 29 8
2 19 20 31 6 13
3 19 20 31 6 13
4 19 20 31 6 24
5 19 20 31 6 24
6 19 20 31 24 13
7 19 20 31 6 24
8 19 20 31 6 24
9 24 23 7 28 4
10 24 23 7 28 4
11 0 9 10 25 26
12 19 20 31 6 13
13 19 20 31 6 24
14 19 20 31 6 24
15 19 20 31 6 13
16 19 20 31 6 24
17 18
18 17
19 20 31 6 24 13
20 19 31 6 24 13
21 19 20 31 6 24
22 19 20 31 6 24
23 19 20 31 6 24
24 19 20 31 6 13
25 23 7 28 4 0
26 0 9 10 25 11
27 19 20 31 6 24
28 19 20 31 6 24
29 19 20 31 6 24
30
31 19 20 6 24 13
32 19 20 31 6 24
